FFGA i HLGA 
61
137
FFGA i VEGA 
378
51
FFGA i EW 
23
59
HLGA i VEGA 
0
35
HLGA i EW 
0
42
VEGA i EW 
8
79

----------- final testingFFGA i HLGA 
FFGA i HLGA 
[0, 0, 0, 36, 25, 0, 0, 0, 0, 0] 6.1 7.604657457155129
[28, 0, 108, 1, 0, 0, 0, 0, 0, 0] 13.7 19.867745943438496
FFGA i VEGA 
[72, 66, 77, 87, 76, 0, 0, 0, 0, 0] 37.8 23.288150922115342
[3, 20, 8, 16, 4, 0, 0, 0, 0, 0] 5.1 4.254946058243652
FFGA i EW 
[2, 13, 7, 1, 0, 0, 0, 0, 0, 0] 2.3 2.520113631386329
[13, 15, 8, 5, 18, 0, 0, 0, 0, 0] 5.9 4.13930087716147
HLGA i VEGA 
[0, 0, 0, 0, 0, 0, 0, 0, 0, 0] 0 0
[0, 0, 1, 27, 7, 0, 0, 0, 0, 0] 3.5 4.950913423203851
HLGA i EW 
[0, 0, 0, 0, 0, 0, 0, 0, 0, 0] 0 0
[0, 0, 5, 5, 17, 15, 0, 0, 0, 0] 4.2 3.8041694261383396
VEGA i EW 
[0, 6, 2, 0, 0, 0, 0, 0, 0, 0] 0.8 1.1200505028383685
[19, 20, 10, 12, 18, 0, 0, 0, 0, 0] 7.9 5.130169589486544
