# FULL MESH
# EW

Generacja_0,1.0,150,150
Generacja_1,1.0,150,150
Generacja_2,1.0,150,150
Generacja_3,1.0,150,150
Generacja_4,1.0,150,150
Generacja_5,1.0,150,150
Generacja_6,1.0,150,150
Generacja_7,1.0,150,150
Generacja_8,1.0,150,150
Generacja_9,1.0,150,150
Generacja_10,1.0,150,150
Generacja_11,1.0,150,150
Generacja_12,1.0,150,150
Generacja_13,1.0,150,150
Generacja_14,1.0,150,150
Generacja_15,1.0,150,150
Generacja_16,1.0,150,150
Generacja_17,1.0,150,150
Generacja_18,1.0,150,150
Generacja_19,1.0,150,150
Generacja_20,1.0,150,150
Generacja_21,1.0,150,150
Generacja_22,1.0,150,150
Generacja_23,1.0,150,150
Generacja_24,1.0,150,150
Generacja_25,1.0,150,150
Generacja_26,1.0,150,150
Generacja_27,1.0,150,150
Generacja_28,1.0,150,150
Generacja_29,1.0,150,150
Generacja_30,1.0,150,150
Generacja_31,1.0,150,150
Generacja_32,1.0,150,150
Generacja_33,1.0,150,150
Generacja_34,1.0,150,150
Generacja_35,1.0,150,150
Generacja_36,1.0,150,150
Generacja_37,1.0,150,150
Generacja_38,1.0,150,150
Generacja_39,1.0,150,150
Generacja_40,1.0,150,150
Generacja_41,1.0,150,150
Generacja_42,1.0,150,150
Generacja_43,1.0,150,150
Generacja_44,1.0,150,150
Generacja_45,1.0,150,150
Generacja_46,1.0,150,150
Generacja_47,1.0,150,150
Generacja_48,1.0,150,150
Generacja_49,1.0,150,150
Generacja_50,1.0,150,150
Generacja_51,1.0,150,150
Generacja_52,1.0,150,150
Generacja_53,1.0,150,150
Generacja_54,1.0,150,150
Generacja_55,1.0,150,150
Generacja_56,1.0,150,150
Generacja_57,1.0,150,150
Generacja_58,1.0,150,150
Generacja_59,1.0,150,150
Generacja_60,1.0,150,150
Generacja_61,1.0,150,150
Generacja_62,1.0,150,150
Generacja_63,1.0,150,150
Generacja_64,1.0,150,150
Generacja_65,1.0,150,150
Generacja_66,1.0,150,150
Generacja_67,1.0,150,150
Generacja_68,1.0,150,150
Generacja_69,1.0,150,150
Generacja_70,1.0,150,150
Generacja_71,1.0,150,150
Generacja_72,1.0,150,150
Generacja_73,1.0,150,150
Generacja_74,1.0,150,150
Generacja_75,1.0,150,150
Generacja_76,1.0,150,150
Generacja_77,1.0,150,150
Generacja_78,1.0,150,150
Generacja_79,1.0,150,150
Generacja_80,1.0,150,150
Generacja_81,1.0,150,150
Generacja_82,1.0,150,150
Generacja_83,1.0,150,150
Generacja_84,1.0,150,150
Generacja_85,1.0,150,150
Generacja_86,1.0,150,150
Generacja_87,1.0,150,150
Generacja_88,1.0,150,150
Generacja_89,1.0,150,150
Generacja_90,1.0,150,150
Generacja_91,1.0,150,150
Generacja_92,1.0,150,150
Generacja_93,1.0,150,150
Generacja_94,1.0,150,150
Generacja_95,1.0,150,150
Generacja_96,1.0,150,150
Generacja_97,1.0,150,150
Generacja_98,1.0,150,150
Generacja_99,1.0,150,150
Generacja_100,1.0,150,150
Generacja_101,1.0,150,150
Generacja_0,1.0,150,150
Generacja_1,1.0,150,150
Generacja_2,1.0,150,150
Generacja_3,1.0,150,150
Generacja_4,1.0,150,150
Generacja_5,1.0,150,150
Generacja_6,1.0,150,150
Generacja_7,1.0,150,150
Generacja_8,1.0,150,150
Generacja_9,1.0,150,150
Generacja_10,1.0,150,150
Generacja_11,1.0,150,150
Generacja_12,1.0,150,150
Generacja_13,1.0,150,150
Generacja_14,1.0,150,150
Generacja_15,1.0,150,150
Generacja_16,1.0,150,150
Generacja_17,1.0,150,150
Generacja_18,1.0,150,150
Generacja_19,1.0,150,150
Generacja_20,1.0,150,150
Generacja_21,1.0,150,150
Generacja_22,1.0,150,150
Generacja_23,1.0,150,150
Generacja_24,1.0,150,150
Generacja_25,1.0,150,150
Generacja_26,1.0,150,150
Generacja_27,1.0,150,150
Generacja_28,1.0,150,150
Generacja_29,1.0,150,150
Generacja_30,1.0,150,150
Generacja_31,1.0,150,150
Generacja_32,1.0,150,150
Generacja_33,1.0,150,150
Generacja_34,1.0,150,150
Generacja_35,1.0,150,150
Generacja_36,1.0,150,150
Generacja_37,1.0,150,150
Generacja_38,1.0,150,150
Generacja_39,1.0,150,150
Generacja_40,1.0,150,150
Generacja_41,1.0,150,150
Generacja_42,1.0,150,150
Generacja_43,1.0,150,150
Generacja_44,1.0,150,150
Generacja_45,1.0,150,150
Generacja_46,1.0,150,150
Generacja_47,1.0,150,150
Generacja_48,1.0,150,150
Generacja_49,1.0,150,150
Generacja_50,1.0,150,150
Generacja_51,1.0,150,150
Generacja_52,1.0,150,150
Generacja_53,1.0,150,150
Generacja_54,1.0,150,150
Generacja_55,1.0,150,150
Generacja_56,1.0,150,150
Generacja_57,1.0,150,150
Generacja_58,1.0,150,150
Generacja_59,1.0,150,150
Generacja_60,1.0,150,150
Generacja_61,1.0,150,150
Generacja_62,1.0,150,150
Generacja_63,1.0,150,150
Generacja_64,1.0,150,150
Generacja_65,1.0,150,150
Generacja_66,1.0,150,150
Generacja_67,1.0,150,150
Generacja_68,1.0,150,150
Generacja_69,1.0,150,150
Generacja_70,1.0,150,150
Generacja_71,1.0,150,150
Generacja_72,1.0,150,150
Generacja_73,1.0,150,150
Generacja_74,1.0,150,150
Generacja_75,1.0,150,150
Generacja_76,1.0,150,150
Generacja_77,1.0,150,150
Generacja_78,1.0,150,150
Generacja_79,1.0,150,150
Generacja_80,1.0,150,150
Generacja_81,1.0,150,150
Generacja_82,1.0,150,150
Generacja_83,1.0,150,150
Generacja_84,1.0,150,150
Generacja_85,1.0,150,150
Generacja_86,1.0,150,150
Generacja_87,1.0,150,150
Generacja_88,1.0,150,150
Generacja_89,1.0,150,150
Generacja_90,1.0,150,150
Generacja_91,1.0,150,150
Generacja_92,1.0,150,150
Generacja_93,1.0,150,150
Generacja_94,1.0,150,150
Generacja_95,1.0,150,150
Generacja_96,1.0,150,150
Generacja_97,1.0,150,150
Generacja_98,1.0,150,150
Generacja_99,1.0,150,150
Generacja_100,1.0,150,150
Generacja_101,1.0,150,150
Generacja_0,1.0,150,150
Generacja_1,1.0,150,150
Generacja_2,1.0,150,150
Generacja_3,1.0,150,150
Generacja_4,1.0,150,150
Generacja_5,1.0,150,150
Generacja_6,1.0,150,150
Generacja_7,1.0,150,150
Generacja_8,1.0,150,150
Generacja_9,1.0,150,150
Generacja_10,1.0,150,150
Generacja_11,1.0,150,150
Generacja_12,1.0,150,150
Generacja_13,1.0,150,150
Generacja_14,1.0,150,150
Generacja_15,1.0,150,150
Generacja_16,1.0,150,150
Generacja_17,1.0,150,150
Generacja_18,1.0,150,150
Generacja_19,1.0,150,150
Generacja_20,1.0,150,150
Generacja_21,1.0,150,150
Generacja_22,1.0,150,150
Generacja_23,1.0,150,150
Generacja_24,1.0,150,150
Generacja_25,1.0,150,150
Generacja_26,1.0,150,150
Generacja_27,1.0,150,150
Generacja_28,1.0,150,150
Generacja_29,1.0,150,150
Generacja_30,1.0,150,150
Generacja_31,1.0,150,150
Generacja_32,1.0,150,150
Generacja_33,1.0,150,150
Generacja_34,1.0,150,150
Generacja_35,1.0,150,150
Generacja_36,1.0,150,150
Generacja_37,1.0,150,150
Generacja_38,1.0,150,150
Generacja_39,1.0,150,150
Generacja_40,1.0,150,150
Generacja_41,1.0,150,150
Generacja_42,1.0,150,150
Generacja_43,1.0,150,150
Generacja_44,1.0,150,150
Generacja_45,1.0,150,150
Generacja_46,1.0,150,150
Generacja_47,1.0,150,150
Generacja_48,1.0,150,150
Generacja_49,1.0,150,150
Generacja_50,1.0,150,150
Generacja_51,1.0,150,150
Generacja_52,1.0,150,150
Generacja_53,1.0,150,150
Generacja_54,1.0,150,150
Generacja_55,1.0,150,150
Generacja_56,1.0,150,150
Generacja_57,1.0,150,150
Generacja_58,1.0,150,150
Generacja_59,1.0,150,150
Generacja_60,1.0,150,150
Generacja_61,1.0,150,150
Generacja_62,1.0,150,150
Generacja_63,1.0,150,150
Generacja_64,1.0,150,150
Generacja_65,1.0,150,150
Generacja_66,1.0,150,150
Generacja_67,1.0,150,150
Generacja_68,1.0,150,150
Generacja_69,1.0,150,150
Generacja_70,1.0,150,150
Generacja_71,1.0,150,150
Generacja_72,1.0,150,150
Generacja_73,1.0,150,150
Generacja_74,1.0,150,150
Generacja_75,1.0,150,150
Generacja_76,1.0,150,150
Generacja_77,1.0,150,150
Generacja_78,1.0,150,150
Generacja_79,1.0,150,150
Generacja_80,1.0,150,150
Generacja_81,1.0,150,150
Generacja_82,1.0,150,150
Generacja_83,1.0,150,150
Generacja_84,1.0,150,150
Generacja_85,1.0,150,150
Generacja_86,1.0,150,150
Generacja_87,1.0,150,150
Generacja_88,1.0,150,150
Generacja_89,1.0,150,150
Generacja_90,1.0,150,150
Generacja_91,1.0,150,150
Generacja_92,1.0,150,150
Generacja_93,1.0,150,150
Generacja_94,1.0,150,150
Generacja_95,1.0,150,150
Generacja_96,1.0,150,150
Generacja_97,1.0,150,150
Generacja_98,1.0,150,150
Generacja_99,1.0,150,150
Generacja_100,1.0,150,150
Generacja_101,1.0,150,150
Generacja_0,1.0,150,150
Generacja_1,1.0,150,150
Generacja_2,1.0,150,150
Generacja_3,1.0,150,150
Generacja_4,1.0,150,150
Generacja_5,1.0,150,150
Generacja_6,1.0,150,150
Generacja_7,1.0,150,150
Generacja_8,1.0,150,150
Generacja_9,1.0,150,150
Generacja_10,1.0,150,150
Generacja_11,1.0,150,150
Generacja_12,1.0,150,150
Generacja_13,1.0,150,150
Generacja_14,1.0,150,150
Generacja_15,1.0,150,150
Generacja_16,1.0,150,150
Generacja_17,1.0,150,150
Generacja_18,1.0,150,150
Generacja_19,1.0,150,150
Generacja_20,1.0,150,150
Generacja_21,1.0,150,150
Generacja_22,1.0,150,150
Generacja_23,1.0,150,150
Generacja_24,1.0,150,150
Generacja_25,1.0,150,150
Generacja_26,1.0,150,150
Generacja_27,1.0,150,150
Generacja_28,1.0,150,150
Generacja_29,1.0,150,150
Generacja_30,1.0,150,150
Generacja_31,1.0,150,150
Generacja_32,1.0,150,150
Generacja_33,1.0,150,150
Generacja_34,1.0,150,150
Generacja_35,1.0,150,150
Generacja_36,1.0,150,150
Generacja_37,1.0,150,150
Generacja_38,1.0,150,150
Generacja_39,1.0,150,150
Generacja_40,1.0,150,150
Generacja_41,1.0,150,150
Generacja_42,1.0,150,150
Generacja_43,1.0,150,150
Generacja_44,1.0,150,150
Generacja_45,1.0,150,150
Generacja_46,1.0,150,150
Generacja_47,1.0,150,150
Generacja_48,1.0,150,150
Generacja_49,1.0,150,150
Generacja_50,1.0,150,150
Generacja_51,1.0,150,150
Generacja_52,1.0,150,150
Generacja_53,1.0,150,150
Generacja_54,1.0,150,150
Generacja_55,1.0,150,150
Generacja_56,1.0,150,150
Generacja_57,1.0,150,150
Generacja_58,1.0,150,150
Generacja_59,1.0,150,150
Generacja_60,1.0,150,150
Generacja_61,1.0,150,150
Generacja_62,1.0,150,150
Generacja_63,1.0,150,150
Generacja_64,1.0,150,150
Generacja_65,1.0,150,150
Generacja_66,1.0,150,150
Generacja_67,1.0,150,150
Generacja_68,1.0,150,150
Generacja_69,1.0,150,150
Generacja_70,1.0,150,150
Generacja_71,1.0,150,150
Generacja_72,1.0,150,150
Generacja_73,1.0,150,150
Generacja_74,1.0,150,150
Generacja_75,1.0,150,150
Generacja_76,1.0,150,150
Generacja_77,1.0,150,150
Generacja_78,1.0,150,150
Generacja_79,1.0,150,150
Generacja_80,1.0,150,150
Generacja_81,1.0,150,150
Generacja_82,1.0,150,150
Generacja_83,1.0,150,150
Generacja_84,1.0,150,150
Generacja_85,1.0,150,150
Generacja_86,1.0,150,150
Generacja_87,1.0,150,150
Generacja_88,1.0,150,150
Generacja_89,1.0,150,150
Generacja_90,1.0,150,150
Generacja_91,1.0,150,150
Generacja_92,1.0,150,150
Generacja_93,1.0,150,150
Generacja_94,1.0,150,150
Generacja_95,1.0,150,150
Generacja_96,1.0,150,150
Generacja_97,1.0,150,150
Generacja_98,1.0,150,150
Generacja_99,1.0,150,150
Generacja_100,1.0,150,150
Generacja_101,1.0,150,150
Generacja_0,1.0,150,150
Generacja_1,1.0,150,150
Generacja_2,1.0,150,150
Generacja_3,1.0,150,150
Generacja_4,1.0,150,150
Generacja_5,1.0,150,150
Generacja_6,1.0,150,150
Generacja_7,1.0,150,150
Generacja_8,1.0,150,150
Generacja_9,1.0,150,150
Generacja_10,1.0,150,150
Generacja_11,1.0,150,150
Generacja_12,1.0,150,150
Generacja_13,1.0,150,150
Generacja_14,1.0,150,150
Generacja_15,1.0,150,150
Generacja_16,1.0,150,150
Generacja_17,1.0,150,150
Generacja_18,1.0,150,150
Generacja_19,1.0,150,150
Generacja_20,1.0,150,150
Generacja_21,1.0,150,150
Generacja_22,1.0,150,150
Generacja_23,1.0,150,150
Generacja_24,1.0,150,150
Generacja_25,1.0,150,150
Generacja_26,1.0,150,150
Generacja_27,1.0,150,150
Generacja_28,1.0,150,150
Generacja_29,1.0,150,150
Generacja_30,1.0,150,150
Generacja_31,1.0,150,150
Generacja_32,1.0,150,150
Generacja_33,1.0,150,150
Generacja_34,1.0,150,150
Generacja_35,1.0,150,150
Generacja_36,1.0,150,150
Generacja_37,1.0,150,150
Generacja_38,1.0,150,150
Generacja_39,1.0,150,150
Generacja_40,1.0,150,150
Generacja_41,1.0,150,150
Generacja_42,1.0,150,150
Generacja_43,1.0,150,150
Generacja_44,1.0,150,150
Generacja_45,1.0,150,150
Generacja_46,1.0,150,150
Generacja_47,1.0,150,150
Generacja_48,1.0,150,150
Generacja_49,1.0,150,150
Generacja_50,1.0,150,150
Generacja_51,1.0,150,150
Generacja_52,1.0,150,150
Generacja_53,1.0,150,150
Generacja_54,1.0,150,150
Generacja_55,1.0,150,150
Generacja_56,1.0,150,150
Generacja_57,1.0,150,150
Generacja_58,1.0,150,150
Generacja_59,1.0,150,150
Generacja_60,1.0,150,150
Generacja_61,1.0,150,150
Generacja_62,1.0,150,150
Generacja_63,1.0,150,150
Generacja_64,1.0,150,150
Generacja_65,1.0,150,150
Generacja_66,1.0,150,150
Generacja_67,1.0,150,150
Generacja_68,1.0,150,150
Generacja_69,1.0,150,150
Generacja_70,1.0,150,150
Generacja_71,1.0,150,150
Generacja_72,1.0,150,150
Generacja_73,1.0,150,150
Generacja_74,1.0,150,150
Generacja_75,1.0,150,150
Generacja_76,1.0,150,150
Generacja_77,1.0,150,150
Generacja_78,1.0,150,150
Generacja_79,1.0,150,150
Generacja_80,1.0,150,150
Generacja_81,1.0,150,150
Generacja_82,1.0,150,150
Generacja_83,1.0,150,150
Generacja_84,1.0,150,150
Generacja_85,1.0,150,150
Generacja_86,1.0,150,150
Generacja_87,1.0,150,150
Generacja_88,1.0,150,150
Generacja_89,1.0,150,150
Generacja_90,1.0,150,150
Generacja_91,1.0,150,150
Generacja_92,1.0,150,150
Generacja_93,1.0,150,150
Generacja_94,1.0,150,150
Generacja_95,1.0,150,150
Generacja_96,1.0,150,150
Generacja_97,1.0,150,150
Generacja_98,1.0,150,150
Generacja_99,1.0,150,150
Generacja_100,1.0,150,150
Generacja_101,1.0,150,150
Generacja_0,1.0,150,150
Generacja_1,1.0,150,150
Generacja_2,1.0,150,150
Generacja_3,1.0,150,150
Generacja_4,1.0,150,150
Generacja_5,1.0,150,150
Generacja_6,1.0,150,150
Generacja_7,1.0,150,150
Generacja_8,1.0,150,150
Generacja_9,1.0,150,150
Generacja_10,1.0,150,150
Generacja_11,1.0,150,150
Generacja_12,1.0,150,150
Generacja_13,1.0,150,150
Generacja_14,1.0,150,150
Generacja_15,1.0,150,150
Generacja_16,1.0,150,150
Generacja_17,1.0,150,150
Generacja_18,1.0,150,150
Generacja_19,1.0,150,150
Generacja_20,1.0,150,150
Generacja_21,1.0,150,150
Generacja_22,1.0,150,150
Generacja_23,1.0,150,150
Generacja_24,1.0,150,150
Generacja_25,1.0,150,150
Generacja_26,1.0,150,150
Generacja_27,1.0,150,150
Generacja_28,1.0,150,150
Generacja_29,1.0,150,150
Generacja_30,1.0,150,150
Generacja_31,1.0,150,150
Generacja_32,1.0,150,150
Generacja_33,1.0,150,150
Generacja_34,1.0,150,150
Generacja_35,1.0,150,150
Generacja_36,1.0,150,150
Generacja_37,1.0,150,150
Generacja_38,1.0,150,150
Generacja_39,1.0,150,150
Generacja_40,1.0,150,150
Generacja_41,1.0,150,150
Generacja_42,1.0,150,150
Generacja_43,1.0,150,150
Generacja_44,1.0,150,150
Generacja_45,1.0,150,150
Generacja_46,1.0,150,150
Generacja_47,1.0,150,150
Generacja_48,1.0,150,150
Generacja_49,1.0,150,150
Generacja_50,1.0,150,150
Generacja_51,1.0,150,150
Generacja_52,1.0,150,150
Generacja_53,1.0,150,150
Generacja_54,1.0,150,150
Generacja_55,1.0,150,150
Generacja_56,1.0,150,150
Generacja_57,1.0,150,150
Generacja_58,1.0,150,150
Generacja_59,1.0,150,150
Generacja_60,1.0,150,150
Generacja_61,1.0,150,150
Generacja_62,1.0,150,150
Generacja_63,1.0,150,150
Generacja_64,1.0,150,150
Generacja_65,1.0,150,150
Generacja_66,1.0,150,150
Generacja_67,1.0,150,150
Generacja_68,1.0,150,150
Generacja_69,1.0,150,150
Generacja_70,1.0,150,150
Generacja_71,1.0,150,150
Generacja_72,1.0,150,150
Generacja_73,1.0,150,150
Generacja_74,1.0,150,150
Generacja_75,1.0,150,150
Generacja_76,1.0,150,150
Generacja_77,1.0,150,150
Generacja_78,1.0,150,150
Generacja_79,1.0,150,150
Generacja_80,1.0,150,150
Generacja_81,1.0,150,150
Generacja_82,1.0,150,150
Generacja_83,1.0,150,150
Generacja_84,1.0,150,150
Generacja_85,1.0,150,150
Generacja_86,1.0,150,150
Generacja_87,1.0,150,150
Generacja_88,1.0,150,150
Generacja_89,1.0,150,150
Generacja_90,1.0,150,150
Generacja_91,1.0,150,150
Generacja_92,1.0,150,150
Generacja_93,1.0,150,150
Generacja_94,1.0,150,150
Generacja_95,1.0,150,150
Generacja_96,1.0,150,150
Generacja_97,1.0,150,150
Generacja_98,1.0,150,150
Generacja_99,1.0,150,150
Generacja_100,1.0,150,150
Generacja_101,1.0,150,150
Generacja_0,1.0,150,150
Generacja_1,1.0,150,150
Generacja_2,1.0,150,150
Generacja_3,1.0,150,150
Generacja_4,1.0,150,150
Generacja_5,1.0,150,150
Generacja_6,1.0,150,150
Generacja_7,1.0,150,150
Generacja_8,1.0,150,150
Generacja_9,1.0,150,150
Generacja_10,1.0,150,150
Generacja_11,1.0,150,150
Generacja_12,1.0,150,150
Generacja_13,1.0,150,150
Generacja_14,1.0,150,150
Generacja_15,1.0,150,150
Generacja_16,1.0,150,150
Generacja_17,1.0,150,150
Generacja_18,1.0,150,150
Generacja_19,1.0,150,150
Generacja_20,1.0,150,150
Generacja_21,1.0,150,150
Generacja_22,1.0,150,150
Generacja_23,1.0,150,150
Generacja_24,1.0,150,150
Generacja_25,1.0,150,150
Generacja_26,1.0,150,150
Generacja_27,1.0,150,150
Generacja_28,1.0,150,150
Generacja_29,1.0,150,150
Generacja_30,1.0,150,150
Generacja_31,1.0,150,150
Generacja_32,1.0,150,150
Generacja_33,1.0,150,150
Generacja_34,1.0,150,150
Generacja_35,1.0,150,150
Generacja_36,1.0,150,150
Generacja_37,1.0,150,150
Generacja_38,1.0,150,150
Generacja_39,1.0,150,150
Generacja_40,1.0,150,150
Generacja_41,1.0,150,150
Generacja_42,1.0,150,150
Generacja_43,1.0,150,150
Generacja_44,1.0,150,150
Generacja_45,1.0,150,150
Generacja_46,1.0,150,150
Generacja_47,1.0,150,150
Generacja_48,1.0,150,150
Generacja_49,1.0,150,150
Generacja_50,1.0,150,150
Generacja_51,1.0,150,150
Generacja_52,1.0,150,150
Generacja_53,1.0,150,150
Generacja_54,1.0,150,150
Generacja_55,1.0,150,150
Generacja_56,1.0,150,150
Generacja_57,1.0,150,150
Generacja_58,1.0,150,150
Generacja_59,1.0,150,150
Generacja_60,1.0,150,150
Generacja_61,1.0,150,150
Generacja_62,1.0,150,150
Generacja_63,1.0,150,150
Generacja_64,1.0,150,150
Generacja_65,1.0,150,150
Generacja_66,1.0,150,150
Generacja_67,1.0,150,150
Generacja_68,1.0,150,150
Generacja_69,1.0,150,150
Generacja_70,1.0,150,150
Generacja_71,1.0,150,150
Generacja_72,1.0,150,150
Generacja_73,1.0,150,150
Generacja_74,1.0,150,150
Generacja_75,1.0,150,150
Generacja_76,1.0,150,150
Generacja_77,1.0,150,150
Generacja_78,1.0,150,150
Generacja_79,1.0,150,150
Generacja_80,1.0,150,150
Generacja_81,1.0,150,150
Generacja_82,1.0,150,150
Generacja_83,1.0,150,150
Generacja_84,1.0,150,150
Generacja_85,1.0,150,150
Generacja_86,1.0,150,150
Generacja_87,1.0,150,150
Generacja_88,1.0,150,150
Generacja_89,1.0,150,150
Generacja_90,1.0,150,150
Generacja_91,1.0,150,150
Generacja_92,1.0,150,150
Generacja_93,1.0,150,150
Generacja_94,1.0,150,150
Generacja_95,1.0,150,150
Generacja_96,1.0,150,150
Generacja_97,1.0,150,150
Generacja_98,1.0,150,150
Generacja_99,1.0,150,150
Generacja_100,1.0,150,150
Generacja_101,1.0,150,150
Generacja_0,1.0,150,150
Generacja_1,1.0,150,150
Generacja_2,1.0,150,150
Generacja_3,1.0,150,150
Generacja_4,1.0,150,150
Generacja_5,1.0,150,150
Generacja_6,1.0,150,150
Generacja_7,1.0,150,150
Generacja_8,1.0,150,150
Generacja_9,1.0,150,150
Generacja_10,1.0,150,150
Generacja_11,1.0,150,150
Generacja_12,1.0,150,150
Generacja_13,1.0,150,150
Generacja_14,1.0,150,150
Generacja_15,1.0,150,150
Generacja_16,1.0,150,150
Generacja_17,1.0,150,150
Generacja_18,1.0,150,150
Generacja_19,1.0,150,150
Generacja_20,1.0,150,150
Generacja_21,1.0,150,150
Generacja_22,1.0,150,150
Generacja_23,1.0,150,150
Generacja_24,1.0,150,150
Generacja_25,1.0,150,150
Generacja_26,1.0,150,150
Generacja_27,1.0,150,150
Generacja_28,1.0,150,150
Generacja_29,1.0,150,150
Generacja_30,1.0,150,150
Generacja_31,1.0,150,150
Generacja_32,1.0,150,150
Generacja_33,1.0,150,150
Generacja_34,1.0,150,150
Generacja_35,1.0,150,150
Generacja_36,1.0,150,150
Generacja_37,1.0,150,150
Generacja_38,1.0,150,150
Generacja_39,1.0,150,150
Generacja_40,1.0,150,150
Generacja_41,1.0,150,150
Generacja_42,1.0,150,150
Generacja_43,1.0,150,150
Generacja_44,1.0,150,150
Generacja_45,1.0,150,150
Generacja_46,1.0,150,150
Generacja_47,1.0,150,150
Generacja_48,1.0,150,150
Generacja_49,1.0,150,150
Generacja_50,1.0,150,150
Generacja_51,1.0,150,150
Generacja_52,1.0,150,150
Generacja_53,1.0,150,150
Generacja_54,1.0,150,150
Generacja_55,1.0,150,150
Generacja_56,1.0,150,150
Generacja_57,1.0,150,150
Generacja_58,1.0,150,150
Generacja_59,1.0,150,150
Generacja_60,1.0,150,150
Generacja_61,1.0,150,150
Generacja_62,1.0,150,150
Generacja_63,1.0,150,150
Generacja_64,1.0,150,150
Generacja_65,1.0,150,150
Generacja_66,1.0,150,150
Generacja_67,1.0,150,150
Generacja_68,1.0,150,150
Generacja_69,1.0,150,150
Generacja_70,1.0,150,150
Generacja_71,1.0,150,150
Generacja_72,1.0,150,150
Generacja_73,1.0,150,150
Generacja_74,1.0,150,150
Generacja_75,1.0,150,150
Generacja_76,1.0,150,150
Generacja_77,1.0,150,150
Generacja_78,1.0,150,150
Generacja_79,1.0,150,150
Generacja_80,1.0,150,150
Generacja_81,1.0,150,150
Generacja_82,1.0,150,150
Generacja_83,1.0,150,150
Generacja_84,1.0,150,150
Generacja_85,1.0,150,150
Generacja_86,1.0,150,150
Generacja_87,1.0,150,150
Generacja_88,1.0,150,150
Generacja_89,1.0,150,150
Generacja_90,1.0,150,150
Generacja_91,1.0,150,150
Generacja_92,1.0,150,150
Generacja_93,1.0,150,150
Generacja_94,1.0,150,150
Generacja_95,1.0,150,150
Generacja_96,1.0,150,150
Generacja_97,1.0,150,150
Generacja_98,1.0,150,150
Generacja_99,1.0,150,150
Generacja_100,1.0,150,150
Generacja_101,1.0,150,150
Generacja_0,1.0,150,150
Generacja_1,1.0,150,150
Generacja_2,1.0,150,150
Generacja_3,1.0,150,150
Generacja_4,1.0,150,150
Generacja_5,1.0,150,150
Generacja_6,1.0,150,150
Generacja_7,1.0,150,150
Generacja_8,1.0,150,150
Generacja_9,1.0,150,150
Generacja_10,1.0,150,150
Generacja_11,1.0,150,150
Generacja_12,1.0,150,150
Generacja_13,1.0,150,150
Generacja_14,1.0,150,150
Generacja_15,1.0,150,150
Generacja_16,1.0,150,150
Generacja_17,1.0,150,150
Generacja_18,1.0,150,150
Generacja_19,1.0,150,150
Generacja_20,1.0,150,150
Generacja_21,1.0,150,150
Generacja_22,1.0,150,150
Generacja_23,1.0,150,150
Generacja_24,1.0,150,150
Generacja_25,1.0,150,150
Generacja_26,1.0,150,150
Generacja_27,1.0,150,150
Generacja_28,1.0,150,150
Generacja_29,1.0,150,150
Generacja_30,1.0,150,150
Generacja_31,1.0,150,150
Generacja_32,1.0,150,150
Generacja_33,1.0,150,150
Generacja_34,1.0,150,150
Generacja_35,1.0,150,150
Generacja_36,1.0,150,150
Generacja_37,1.0,150,150
Generacja_38,1.0,150,150
Generacja_39,1.0,150,150
Generacja_40,1.0,150,150
Generacja_41,1.0,150,150
Generacja_42,1.0,150,150
Generacja_43,1.0,150,150
Generacja_44,1.0,150,150
Generacja_45,1.0,150,150
Generacja_46,1.0,150,150
Generacja_47,1.0,150,150
Generacja_48,1.0,150,150
Generacja_49,1.0,150,150
Generacja_50,1.0,150,150
Generacja_51,1.0,150,150
Generacja_52,1.0,150,150
Generacja_53,1.0,150,150
Generacja_54,1.0,150,150
Generacja_55,1.0,150,150
Generacja_56,1.0,150,150
Generacja_57,1.0,150,150
Generacja_58,1.0,150,150
Generacja_59,1.0,150,150
Generacja_60,1.0,150,150
Generacja_61,1.0,150,150
Generacja_62,1.0,150,150
Generacja_63,1.0,150,150
Generacja_64,1.0,150,150
Generacja_65,1.0,150,150
Generacja_66,1.0,150,150
Generacja_67,1.0,150,150
Generacja_68,1.0,150,150
Generacja_69,1.0,150,150
Generacja_70,1.0,150,150
Generacja_71,1.0,150,150
Generacja_72,1.0,150,150
Generacja_73,1.0,150,150
Generacja_74,1.0,150,150
Generacja_75,1.0,150,150
Generacja_76,1.0,150,150
Generacja_77,1.0,150,150
Generacja_78,1.0,150,150
Generacja_79,1.0,150,150
Generacja_80,1.0,150,150
Generacja_81,1.0,150,150
Generacja_82,1.0,150,150
Generacja_83,1.0,150,150
Generacja_84,1.0,150,150
Generacja_85,1.0,150,150
Generacja_86,1.0,150,150
Generacja_87,1.0,150,150
Generacja_88,1.0,150,150
Generacja_89,1.0,150,150
Generacja_90,1.0,150,150
Generacja_91,1.0,150,150
Generacja_92,1.0,150,150
Generacja_93,1.0,150,150
Generacja_94,1.0,150,150
Generacja_95,1.0,150,150
Generacja_96,1.0,150,150
Generacja_97,1.0,150,150
Generacja_98,1.0,150,150
Generacja_99,1.0,150,150
Generacja_100,1.0,150,150
Generacja_101,1.0,150,150
Generacja_0,1.0,150,150
Generacja_1,1.0,150,150
Generacja_2,1.0,150,150
Generacja_3,1.0,150,150
Generacja_4,1.0,150,150
Generacja_5,1.0,150,150
Generacja_6,1.0,150,150
Generacja_7,1.0,150,150
Generacja_8,1.0,150,150
Generacja_9,1.0,150,150
Generacja_10,1.0,150,150
Generacja_11,1.0,150,150
Generacja_12,1.0,150,150
Generacja_13,1.0,150,150
Generacja_14,1.0,150,150
Generacja_15,1.0,150,150
Generacja_16,1.0,150,150
Generacja_17,1.0,150,150
Generacja_18,1.0,150,150
Generacja_19,1.0,150,150
Generacja_20,1.0,150,150
Generacja_21,1.0,150,150
Generacja_22,1.0,150,150
Generacja_23,1.0,150,150
Generacja_24,1.0,150,150
Generacja_25,1.0,150,150
Generacja_26,1.0,150,150
Generacja_27,1.0,150,150
Generacja_28,1.0,150,150
Generacja_29,1.0,150,150
Generacja_30,1.0,150,150
Generacja_31,1.0,150,150
Generacja_32,1.0,150,150
Generacja_33,1.0,150,150
Generacja_34,1.0,150,150
Generacja_35,1.0,150,150
Generacja_36,1.0,150,150
Generacja_37,1.0,150,150
Generacja_38,1.0,150,150
Generacja_39,1.0,150,150
Generacja_40,1.0,150,150
Generacja_41,1.0,150,150
Generacja_42,1.0,150,150
Generacja_43,1.0,150,150
Generacja_44,1.0,150,150
Generacja_45,1.0,150,150
Generacja_46,1.0,150,150
Generacja_47,1.0,150,150
Generacja_48,1.0,150,150
Generacja_49,1.0,150,150
Generacja_50,1.0,150,150
Generacja_51,1.0,150,150
Generacja_52,1.0,150,150
Generacja_53,1.0,150,150
Generacja_54,1.0,150,150
Generacja_55,1.0,150,150
Generacja_56,1.0,150,150
Generacja_57,1.0,150,150
Generacja_58,1.0,150,150
Generacja_59,1.0,150,150
Generacja_60,1.0,150,150
Generacja_61,1.0,150,150
Generacja_62,1.0,150,150
Generacja_63,1.0,150,150
Generacja_64,1.0,150,150
Generacja_65,1.0,150,150
Generacja_66,1.0,150,150
Generacja_67,1.0,150,150
Generacja_68,1.0,150,150
Generacja_69,1.0,150,150
Generacja_70,1.0,150,150
Generacja_71,1.0,150,150
Generacja_72,1.0,150,150
Generacja_73,1.0,150,150
Generacja_74,1.0,150,150
Generacja_75,1.0,150,150
Generacja_76,1.0,150,150
Generacja_77,1.0,150,150
Generacja_78,1.0,150,150
Generacja_79,1.0,150,150
Generacja_80,1.0,150,150
Generacja_81,1.0,150,150
Generacja_82,1.0,150,150
Generacja_83,1.0,150,150
Generacja_84,1.0,150,150
Generacja_85,1.0,150,150
Generacja_86,1.0,150,150
Generacja_87,1.0,150,150
Generacja_88,1.0,150,150
Generacja_89,1.0,150,150
Generacja_90,1.0,150,150
Generacja_91,1.0,150,150
Generacja_92,1.0,150,150
Generacja_93,1.0,150,150
Generacja_94,1.0,150,150
Generacja_95,1.0,150,150
Generacja_96,1.0,150,150
Generacja_97,1.0,150,150
Generacja_98,1.0,150,150
Generacja_99,1.0,150,150
Generacja_100,1.0,150,150
Generacja_101,1.0,150,150
Generacja_0,1.0,150,150
Generacja_1,1.0,150,150
Generacja_2,1.0,150,150
Generacja_3,1.0,150,150
Generacja_4,1.0,150,150
Generacja_5,1.0,150,150
Generacja_6,1.0,150,150
Generacja_7,1.0,150,150
Generacja_8,1.0,150,150
Generacja_9,1.0,150,150
Generacja_10,1.0,150,150
Generacja_11,1.0,150,150
Generacja_12,1.0,150,150
Generacja_13,1.0,150,150
Generacja_14,1.0,150,150
Generacja_15,1.0,150,150
Generacja_16,1.0,150,150
Generacja_17,1.0,150,150
Generacja_18,1.0,150,150
Generacja_19,1.0,150,150
Generacja_20,1.0,150,150
Generacja_21,1.0,150,150
Generacja_22,1.0,150,150
Generacja_23,1.0,150,150
Generacja_24,1.0,150,150
Generacja_25,1.0,150,150
Generacja_26,1.0,150,150
Generacja_27,1.0,150,150
Generacja_28,1.0,150,150
Generacja_29,1.0,150,150
Generacja_30,1.0,150,150
Generacja_31,1.0,150,150
Generacja_32,1.0,150,150
Generacja_33,1.0,150,150
Generacja_34,1.0,150,150
Generacja_35,1.0,150,150
Generacja_36,1.0,150,150
Generacja_37,1.0,150,150
Generacja_38,1.0,150,150
Generacja_39,1.0,150,150
Generacja_40,1.0,150,150
Generacja_41,1.0,150,150
Generacja_42,1.0,150,150
Generacja_43,1.0,150,150
Generacja_44,1.0,150,150
Generacja_45,1.0,150,150
Generacja_46,1.0,150,150
Generacja_47,1.0,150,150
Generacja_48,1.0,150,150
Generacja_49,1.0,150,150
Generacja_50,1.0,150,150
Generacja_51,1.0,150,150
Generacja_52,1.0,150,150
Generacja_53,1.0,150,150
Generacja_54,1.0,150,150
Generacja_55,1.0,150,150
Generacja_56,1.0,150,150
Generacja_57,1.0,150,150
Generacja_58,1.0,150,150
Generacja_59,1.0,150,150
Generacja_60,1.0,150,150
Generacja_61,1.0,150,150
Generacja_62,1.0,150,150
Generacja_63,1.0,150,150
Generacja_64,1.0,150,150
Generacja_65,1.0,150,150
Generacja_66,1.0,150,150
Generacja_67,1.0,150,150
Generacja_68,1.0,150,150
Generacja_69,1.0,150,150
Generacja_70,1.0,150,150
Generacja_71,1.0,150,150
Generacja_72,1.0,150,150
Generacja_73,1.0,150,150
Generacja_74,1.0,150,150
Generacja_75,1.0,150,150
Generacja_76,1.0,150,150
Generacja_77,1.0,150,150
Generacja_78,1.0,150,150

# HLGA

Generacja_0,0.12,18,150
Generacja_1,0.06666666666666667,10,150
Generacja_2,0.11333333333333333,17,150
Generacja_3,0.16,24,150
Generacja_4,0.18,27,150
Generacja_5,0.20666666666666667,31,150
Generacja_6,0.2733333333333333,41,150
Generacja_7,0.29333333333333333,44,150
Generacja_8,0.29333333333333333,44,150
Generacja_9,0.32,48,150
Generacja_10,0.31333333333333335,47,150
Generacja_11,0.3333333333333333,50,150
Generacja_12,0.35333333333333333,53,150
Generacja_13,0.37333333333333335,56,150
Generacja_14,0.3933333333333333,59,150
Generacja_15,0.4,60,150
Generacja_16,0.42,63,150
Generacja_17,0.44,66,150
Generacja_18,0.4666666666666667,70,150
Generacja_19,0.47333333333333333,71,150
Generacja_20,0.48,72,150
Generacja_21,0.47333333333333333,71,150
Generacja_22,0.4866666666666667,73,150
Generacja_23,0.5,75,150
Generacja_24,0.5066666666666667,76,150
Generacja_25,0.5066666666666667,76,150
Generacja_26,0.52,78,150
Generacja_27,0.5333333333333333,80,150
Generacja_28,0.5533333333333333,83,150
Generacja_29,0.5666666666666667,85,150
Generacja_30,0.58,87,150
Generacja_31,0.62,93,150
Generacja_32,0.62,93,150
Generacja_33,0.64,96,150
Generacja_34,0.6533333333333333,98,150
Generacja_35,0.66,99,150
Generacja_36,0.7066666666666667,106,150
Generacja_37,0.7533333333333333,113,150
Generacja_38,0.7666666666666667,115,150
Generacja_39,0.8266666666666667,124,150
Generacja_40,0.84,126,150
Generacja_41,0.84,126,150
Generacja_42,0.8666666666666667,130,150
Generacja_43,0.8733333333333333,131,150
Generacja_44,0.8866666666666667,133,150
Generacja_45,0.88,132,150
Generacja_46,0.88,132,150
Generacja_47,0.88,132,150
Generacja_48,0.88,132,150
Generacja_49,0.88,132,150
Generacja_50,0.88,132,150
Generacja_51,0.8733333333333333,131,150
Generacja_52,0.8666666666666667,130,150
Generacja_53,0.88,132,150
Generacja_54,0.8666666666666667,130,150
Generacja_55,0.8666666666666667,130,150
Generacja_56,0.8666666666666667,130,150
Generacja_57,0.8733333333333333,131,150
Generacja_58,0.88,132,150
Generacja_59,0.8866666666666667,133,150
Generacja_60,0.9,135,150
Generacja_61,0.9066666666666666,136,150
Generacja_62,0.9066666666666666,136,150
Generacja_63,0.9133333333333333,137,150
Generacja_64,0.92,138,150
Generacja_65,0.9266666666666666,139,150
Generacja_66,0.9333333333333333,140,150
Generacja_67,0.9333333333333333,140,150
Generacja_68,0.94,141,150
Generacja_69,0.9533333333333334,143,150
Generacja_70,0.9533333333333334,143,150
Generacja_71,0.9533333333333334,143,150
Generacja_72,0.9533333333333334,143,150
Generacja_73,0.9533333333333334,143,150
Generacja_74,0.9533333333333334,143,150
Generacja_75,0.96,144,150
Generacja_76,0.96,144,150
Generacja_77,0.96,144,150
Generacja_78,0.96,144,150
Generacja_79,0.96,144,150
Generacja_80,0.96,144,150
Generacja_81,0.96,144,150
Generacja_82,0.96,144,150
Generacja_83,0.96,144,150
Generacja_84,0.9666666666666667,145,150
Generacja_85,0.9666666666666667,145,150
Generacja_86,0.96,144,150
Generacja_87,0.9666666666666667,145,150
Generacja_88,0.9666666666666667,145,150
Generacja_89,0.96,144,150
Generacja_90,0.96,144,150
Generacja_91,0.96,144,150
Generacja_92,0.96,144,150
Generacja_93,0.96,144,150
Generacja_94,0.96,144,150
Generacja_95,0.9533333333333334,143,150
Generacja_96,0.9533333333333334,143,150
Generacja_97,0.9533333333333334,143,150
Generacja_98,0.9533333333333334,143,150
Generacja_99,0.9533333333333334,143,150
Generacja_100,0.96,144,150
Generacja_101,0.96,144,150
Generacja_0,0.16,24,150
Generacja_1,0.20666666666666667,31,150
Generacja_2,0.19333333333333333,29,150
Generacja_3,0.21333333333333335,32,150
Generacja_4,0.23333333333333334,35,150
Generacja_5,0.25333333333333335,38,150
Generacja_6,0.22,33,150
Generacja_7,0.22666666666666666,34,150
Generacja_8,0.21333333333333335,32,150
Generacja_9,0.20666666666666667,31,150
Generacja_10,0.18,27,150
Generacja_11,0.15333333333333332,23,150
Generacja_12,0.16,24,150
Generacja_13,0.17333333333333334,26,150
Generacja_14,0.19333333333333333,29,150
Generacja_15,0.19333333333333333,29,150
Generacja_16,0.19333333333333333,29,150
Generacja_17,0.18666666666666668,28,150
Generacja_18,0.18666666666666668,28,150
Generacja_19,0.19333333333333333,29,150
Generacja_20,0.20666666666666667,31,150
Generacja_21,0.2,30,150
Generacja_22,0.22,33,150
Generacja_23,0.21333333333333335,32,150
Generacja_24,0.23333333333333334,35,150
Generacja_25,0.24666666666666667,37,150
Generacja_26,0.25333333333333335,38,150
Generacja_27,0.25333333333333335,38,150
Generacja_28,0.2733333333333333,41,150
Generacja_29,0.2866666666666667,43,150
Generacja_30,0.2866666666666667,43,150
Generacja_31,0.29333333333333333,44,150
Generacja_32,0.29333333333333333,44,150
Generacja_33,0.3,45,150
Generacja_34,0.32,48,150
Generacja_35,0.34,51,150
Generacja_36,0.3466666666666667,52,150
Generacja_37,0.35333333333333333,53,150
Generacja_38,0.36,54,150
Generacja_39,0.37333333333333335,56,150
Generacja_40,0.38,57,150
Generacja_41,0.38666666666666666,58,150
Generacja_42,0.37333333333333335,56,150
Generacja_43,0.38,57,150
Generacja_44,0.4,60,150
Generacja_45,0.4066666666666667,61,150
Generacja_46,0.4266666666666667,64,150
Generacja_47,0.44666666666666666,67,150
Generacja_48,0.4866666666666667,73,150
Generacja_49,0.5,75,150
Generacja_50,0.54,81,150
Generacja_51,0.5733333333333334,86,150
Generacja_52,0.5866666666666667,88,150
Generacja_53,0.6066666666666667,91,150
Generacja_54,0.6333333333333333,95,150
Generacja_55,0.6533333333333333,98,150
Generacja_56,0.6733333333333333,101,150
Generacja_57,0.6933333333333334,104,150
Generacja_58,0.7333333333333333,110,150
Generacja_59,0.7666666666666667,115,150
Generacja_60,0.8066666666666666,121,150
Generacja_61,0.8066666666666666,121,150
Generacja_62,0.82,123,150
Generacja_63,0.8266666666666667,124,150
Generacja_64,0.8466666666666667,127,150
Generacja_65,0.8666666666666667,130,150
Generacja_66,0.8666666666666667,130,150
Generacja_67,0.8666666666666667,130,150
Generacja_68,0.8733333333333333,131,150
Generacja_69,0.8733333333333333,131,150
Generacja_70,0.8866666666666667,133,150
Generacja_71,0.9066666666666666,136,150
Generacja_72,0.9133333333333333,137,150
Generacja_73,0.9266666666666666,139,150
Generacja_74,0.9333333333333333,140,150
Generacja_75,0.9266666666666666,139,150
Generacja_76,0.9266666666666666,139,150
Generacja_77,0.9266666666666666,139,150
Generacja_78,0.9333333333333333,140,150
Generacja_79,0.9333333333333333,140,150
Generacja_80,0.92,138,150
Generacja_81,0.92,138,150
Generacja_82,0.9266666666666666,139,150
Generacja_83,0.9266666666666666,139,150
Generacja_84,0.94,141,150
Generacja_85,0.94,141,150
Generacja_86,0.9333333333333333,140,150
Generacja_87,0.9333333333333333,140,150
Generacja_88,0.9333333333333333,140,150
Generacja_89,0.9333333333333333,140,150
Generacja_90,0.9333333333333333,140,150
Generacja_91,0.9333333333333333,140,150
Generacja_92,0.9333333333333333,140,150
Generacja_93,0.9266666666666666,139,150
Generacja_94,0.9333333333333333,140,150
Generacja_95,0.9333333333333333,140,150
Generacja_96,0.9266666666666666,139,150
Generacja_97,0.9266666666666666,139,150
Generacja_98,0.9266666666666666,139,150
Generacja_99,0.9266666666666666,139,150
Generacja_100,0.9333333333333333,140,150
Generacja_101,0.9333333333333333,140,150
Generacja_0,0.19333333333333333,29,150
Generacja_1,0.13333333333333333,20,150
Generacja_2,0.18666666666666668,28,150
Generacja_3,0.22,33,150
Generacja_4,0.22666666666666666,34,150
Generacja_5,0.28,42,150
Generacja_6,0.16,24,150
Generacja_7,0.15333333333333332,23,150
Generacja_8,0.16666666666666666,25,150
Generacja_9,0.13333333333333333,20,150
Generacja_10,0.14,21,150
Generacja_11,0.13333333333333333,20,150
Generacja_12,0.13333333333333333,20,150
Generacja_13,0.09333333333333334,14,150
Generacja_14,0.09333333333333334,14,150
Generacja_15,0.1,15,150
Generacja_16,0.12666666666666668,19,150
Generacja_17,0.12666666666666668,19,150
Generacja_18,0.14666666666666667,22,150
Generacja_19,0.16,24,150
Generacja_20,0.16666666666666666,25,150
Generacja_21,0.19333333333333333,29,150
Generacja_22,0.19333333333333333,29,150
Generacja_23,0.20666666666666667,31,150
Generacja_24,0.22,33,150
Generacja_25,0.23333333333333334,35,150
Generacja_26,0.24666666666666667,37,150
Generacja_27,0.26666666666666666,40,150
Generacja_28,0.2733333333333333,41,150
Generacja_29,0.2866666666666667,43,150
Generacja_30,0.30666666666666664,46,150
Generacja_31,0.31333333333333335,47,150
Generacja_32,0.3333333333333333,50,150
Generacja_33,0.34,51,150
Generacja_34,0.36666666666666664,55,150
Generacja_35,0.3933333333333333,59,150
Generacja_36,0.41333333333333333,62,150
Generacja_37,0.44666666666666666,67,150
Generacja_38,0.4533333333333333,68,150
Generacja_39,0.4666666666666667,70,150
Generacja_40,0.47333333333333333,71,150
Generacja_41,0.5133333333333333,77,150
Generacja_42,0.54,81,150
Generacja_43,0.5866666666666667,88,150
Generacja_44,0.5933333333333334,89,150
Generacja_45,0.6333333333333333,95,150
Generacja_46,0.6666666666666666,100,150
Generacja_47,0.68,102,150
Generacja_48,0.7,105,150
Generacja_49,0.6933333333333334,104,150
Generacja_50,0.68,102,150
Generacja_51,0.7066666666666667,106,150
Generacja_52,0.7333333333333333,110,150
Generacja_53,0.7466666666666667,112,150
Generacja_54,0.76,114,150
Generacja_55,0.7666666666666667,115,150
Generacja_56,0.7666666666666667,115,150
Generacja_57,0.7,105,150
Generacja_58,0.6933333333333334,104,150
Generacja_59,0.6933333333333334,104,150
Generacja_60,0.7066666666666667,106,150
Generacja_61,0.7133333333333334,107,150
Generacja_62,0.7333333333333333,110,150
Generacja_63,0.7466666666666667,112,150
Generacja_64,0.7466666666666667,112,150
Generacja_65,0.7533333333333333,113,150
Generacja_66,0.7533333333333333,113,150
Generacja_67,0.7466666666666667,112,150
Generacja_68,0.7533333333333333,113,150
Generacja_69,0.7466666666666667,112,150
Generacja_70,0.74,111,150
Generacja_71,0.74,111,150
Generacja_72,0.74,111,150
Generacja_73,0.7466666666666667,112,150
Generacja_74,0.7533333333333333,113,150
Generacja_75,0.76,114,150
Generacja_76,0.7666666666666667,115,150
Generacja_77,0.7733333333333333,116,150
Generacja_78,0.7733333333333333,116,150
Generacja_79,0.7666666666666667,115,150
Generacja_80,0.7666666666666667,115,150
Generacja_81,0.7733333333333333,116,150
Generacja_82,0.78,117,150
Generacja_83,0.7866666666666666,118,150
Generacja_84,0.78,117,150
Generacja_85,0.78,117,150
Generacja_86,0.7866666666666666,118,150
Generacja_87,0.7866666666666666,118,150
Generacja_88,0.7733333333333333,116,150
Generacja_89,0.7733333333333333,116,150
Generacja_90,0.7733333333333333,116,150
Generacja_91,0.76,114,150
Generacja_92,0.76,114,150
Generacja_93,0.7666666666666667,115,150
Generacja_94,0.7733333333333333,116,150
Generacja_95,0.7733333333333333,116,150
Generacja_96,0.7866666666666666,118,150
Generacja_97,0.7733333333333333,116,150
Generacja_98,0.78,117,150
Generacja_99,0.78,117,150
Generacja_100,0.7733333333333333,116,150
Generacja_101,0.7733333333333333,116,150
Generacja_0,0.25333333333333335,38,150
Generacja_1,0.38666666666666666,58,150
Generacja_2,0.12,18,150
Generacja_3,0.13333333333333333,20,150
Generacja_4,0.16,24,150
Generacja_5,0.16666666666666666,25,150
Generacja_6,0.2,30,150
Generacja_7,0.24,36,150
Generacja_8,0.23333333333333334,35,150
Generacja_9,0.2733333333333333,41,150
Generacja_10,0.3,45,150
Generacja_11,0.30666666666666664,46,150
Generacja_12,0.3333333333333333,50,150
Generacja_13,0.37333333333333335,56,150
Generacja_14,0.3933333333333333,59,150
Generacja_15,0.43333333333333335,65,150
Generacja_16,0.4533333333333333,68,150
Generacja_17,0.46,69,150
Generacja_18,0.5,75,150
Generacja_19,0.5266666666666666,79,150
Generacja_20,0.54,81,150
Generacja_21,0.52,78,150
Generacja_22,0.5466666666666666,82,150
Generacja_23,0.5933333333333334,89,150
Generacja_24,0.62,93,150
Generacja_25,0.6266666666666667,94,150
Generacja_26,0.6333333333333333,95,150
Generacja_27,0.26666666666666666,40,150
Generacja_28,0.24,36,150
Generacja_29,0.23333333333333334,35,150
Generacja_30,0.18666666666666668,28,150
Generacja_31,0.16666666666666666,25,150
Generacja_32,0.16666666666666666,25,150
Generacja_33,0.18,27,150
Generacja_34,0.18666666666666668,28,150
Generacja_35,0.16666666666666666,25,150
Generacja_36,0.18666666666666668,28,150
Generacja_37,0.19333333333333333,29,150
Generacja_38,0.2,30,150
Generacja_39,0.19333333333333333,29,150
Generacja_40,0.20666666666666667,31,150
Generacja_41,0.15333333333333332,23,150
Generacja_42,0.16666666666666666,25,150
Generacja_43,0.16666666666666666,25,150
Generacja_44,0.16666666666666666,25,150
Generacja_45,0.17333333333333334,26,150
Generacja_46,0.17333333333333334,26,150
Generacja_47,0.18,27,150
Generacja_48,0.18,27,150
Generacja_49,0.20666666666666667,31,150
Generacja_50,0.2,30,150
Generacja_51,0.21333333333333335,32,150
Generacja_52,0.22,33,150
Generacja_53,0.21333333333333335,32,150
Generacja_54,0.21333333333333335,32,150
Generacja_55,0.21333333333333335,32,150
Generacja_56,0.22,33,150
Generacja_57,0.22,33,150
Generacja_58,0.22666666666666666,34,150
Generacja_59,0.23333333333333334,35,150
Generacja_60,0.20666666666666667,31,150
Generacja_61,0.20666666666666667,31,150
Generacja_62,0.21333333333333335,32,150
Generacja_63,0.24666666666666667,37,150
Generacja_64,0.24,36,150
Generacja_65,0.25333333333333335,38,150
Generacja_66,0.24,36,150
Generacja_67,0.24,36,150
Generacja_68,0.22666666666666666,34,150
Generacja_69,0.23333333333333334,35,150
Generacja_70,0.20666666666666667,31,150
Generacja_71,0.19333333333333333,29,150
Generacja_72,0.19333333333333333,29,150
Generacja_73,0.12,18,150
Generacja_74,0.12,18,150
Generacja_75,0.11333333333333333,17,150
Generacja_76,0.11333333333333333,17,150
Generacja_77,0.11333333333333333,17,150
Generacja_78,0.10666666666666667,16,150
Generacja_79,0.10666666666666667,16,150
Generacja_80,0.09333333333333334,14,150
Generacja_81,0.1,15,150
Generacja_82,0.1,15,150
Generacja_83,0.1,15,150
Generacja_84,0.1,15,150
Generacja_85,0.1,15,150
Generacja_86,0.1,15,150
Generacja_87,0.1,15,150
Generacja_88,0.10666666666666667,16,150
Generacja_89,0.12,18,150
Generacja_90,0.12,18,150
Generacja_91,0.12666666666666668,19,150
Generacja_92,0.12,18,150
Generacja_93,0.12,18,150
Generacja_94,0.12,18,150
Generacja_95,0.12,18,150
Generacja_96,0.11333333333333333,17,150
Generacja_97,0.11333333333333333,17,150
Generacja_98,0.11333333333333333,17,150
Generacja_99,0.12,18,150
Generacja_100,0.18666666666666668,28,150
Generacja_101,0.18666666666666668,28,150
Generacja_0,0.22,33,150
Generacja_1,0.2866666666666667,43,150
Generacja_2,0.16666666666666666,25,150
Generacja_3,0.18,27,150
Generacja_4,0.22666666666666666,34,150
Generacja_5,0.22,33,150
Generacja_6,0.22,33,150
Generacja_7,0.22,33,150
Generacja_8,0.24666666666666667,37,150
Generacja_9,0.26666666666666666,40,150
Generacja_10,0.2733333333333333,41,150
Generacja_11,0.26,39,150
Generacja_12,0.3,45,150
Generacja_13,0.25333333333333335,38,150
Generacja_14,0.25333333333333335,38,150
Generacja_15,0.25333333333333335,38,150
Generacja_16,0.2733333333333333,41,150
Generacja_17,0.2733333333333333,41,150
Generacja_18,0.26666666666666666,40,150
Generacja_19,0.26,39,150
Generacja_20,0.2866666666666667,43,150
Generacja_21,0.3,45,150
Generacja_22,0.3,45,150
Generacja_23,0.32,48,150
Generacja_24,0.3333333333333333,50,150
Generacja_25,0.32,48,150
Generacja_26,0.34,51,150
Generacja_27,0.37333333333333335,56,150
Generacja_28,0.4066666666666667,61,150
Generacja_29,0.43333333333333335,65,150
Generacja_30,0.30666666666666664,46,150
Generacja_31,0.34,51,150
Generacja_32,0.36,54,150
Generacja_33,0.41333333333333333,62,150
Generacja_34,0.4,60,150
Generacja_35,0.42,63,150
Generacja_36,0.46,69,150
Generacja_37,0.49333333333333335,74,150
Generacja_38,0.5133333333333333,77,150
Generacja_39,0.5666666666666667,85,150
Generacja_40,0.5933333333333334,89,150
Generacja_41,0.6266666666666667,94,150
Generacja_42,0.64,96,150
Generacja_43,0.6733333333333333,101,150
Generacja_44,0.7,105,150
Generacja_45,0.7,105,150
Generacja_46,0.74,111,150
Generacja_47,0.7533333333333333,113,150
Generacja_48,0.7466666666666667,112,150
Generacja_49,0.76,114,150
Generacja_50,0.7733333333333333,116,150
Generacja_51,0.7666666666666667,115,150
Generacja_52,0.7666666666666667,115,150
Generacja_53,0.7866666666666666,118,150
Generacja_54,0.78,117,150
Generacja_55,0.7733333333333333,116,150
Generacja_56,0.7733333333333333,116,150
Generacja_57,0.7666666666666667,115,150
Generacja_58,0.7666666666666667,115,150
Generacja_59,0.7733333333333333,116,150
Generacja_60,0.7733333333333333,116,150
Generacja_61,0.7866666666666666,118,150
Generacja_62,0.7866666666666666,118,150
Generacja_63,0.78,117,150
Generacja_64,0.7866666666666666,118,150
Generacja_65,0.7933333333333333,119,150
Generacja_66,0.7933333333333333,119,150
Generacja_67,0.8066666666666666,121,150
Generacja_68,0.8066666666666666,121,150
Generacja_69,0.8066666666666666,121,150
Generacja_70,0.8066666666666666,121,150
Generacja_71,0.8066666666666666,121,150
Generacja_72,0.8066666666666666,121,150
Generacja_73,0.8133333333333334,122,150
Generacja_74,0.82,123,150
Generacja_75,0.8266666666666667,124,150
Generacja_76,0.8333333333333334,125,150
Generacja_77,0.8333333333333334,125,150
Generacja_78,0.8333333333333334,125,150
Generacja_79,0.8333333333333334,125,150
Generacja_80,0.84,126,150
Generacja_81,0.8466666666666667,127,150
Generacja_82,0.8466666666666667,127,150
Generacja_83,0.8533333333333334,128,150
Generacja_84,0.8466666666666667,127,150
Generacja_85,0.8466666666666667,127,150
Generacja_86,0.8466666666666667,127,150
Generacja_87,0.8466666666666667,127,150
Generacja_88,0.8533333333333334,128,150
Generacja_89,0.8533333333333334,128,150
Generacja_90,0.8533333333333334,128,150
Generacja_91,0.8533333333333334,128,150
Generacja_92,0.8533333333333334,128,150
Generacja_93,0.8533333333333334,128,150
Generacja_94,0.8533333333333334,128,150
Generacja_95,0.8533333333333334,128,150
Generacja_96,0.8533333333333334,128,150
Generacja_97,0.8466666666666667,127,150
Generacja_98,0.8466666666666667,127,150
Generacja_99,0.8466666666666667,127,150
Generacja_100,0.8466666666666667,127,150
Generacja_101,0.8666666666666667,130,150
Generacja_0,0.25333333333333335,38,150
Generacja_1,0.4266666666666667,64,150
Generacja_2,0.16,24,150
Generacja_3,0.16666666666666666,25,150
Generacja_4,0.2,30,150
Generacja_5,0.23333333333333334,35,150
Generacja_6,0.26,39,150
Generacja_7,0.30666666666666664,46,150
Generacja_8,0.36666666666666664,55,150
Generacja_9,0.3933333333333333,59,150
Generacja_10,0.4066666666666667,61,150
Generacja_11,0.4533333333333333,68,150
Generacja_12,0.42,63,150
Generacja_13,0.4266666666666667,64,150
Generacja_14,0.46,69,150
Generacja_15,0.4066666666666667,61,150
Generacja_16,0.38666666666666666,58,150
Generacja_17,0.38666666666666666,58,150
Generacja_18,0.3466666666666667,52,150
Generacja_19,0.32666666666666666,49,150
Generacja_20,0.29333333333333333,44,150
Generacja_21,0.2866666666666667,43,150
Generacja_22,0.25333333333333335,38,150
Generacja_23,0.22666666666666666,34,150
Generacja_24,0.18666666666666668,28,150
Generacja_25,0.16666666666666666,25,150
Generacja_26,0.16666666666666666,25,150
Generacja_27,0.14666666666666667,22,150
Generacja_28,0.14666666666666667,22,150
Generacja_29,0.14,21,150
Generacja_30,0.14666666666666667,22,150
Generacja_31,0.12666666666666668,19,150
Generacja_32,0.12666666666666668,19,150
Generacja_33,0.11333333333333333,17,150
Generacja_34,0.10666666666666667,16,150
Generacja_35,0.12,18,150
Generacja_36,0.12,18,150
Generacja_37,0.12,18,150
Generacja_38,0.12,18,150
Generacja_39,0.12666666666666668,19,150
Generacja_40,0.14666666666666667,22,150
Generacja_41,0.14666666666666667,22,150
Generacja_42,0.14666666666666667,22,150
Generacja_43,0.13333333333333333,20,150
Generacja_44,0.14,21,150
Generacja_45,0.12666666666666668,19,150
Generacja_46,0.11333333333333333,17,150
Generacja_47,0.1,15,150
Generacja_48,0.09333333333333334,14,150
Generacja_49,0.1,15,150
Generacja_50,0.09333333333333334,14,150
Generacja_51,0.08666666666666667,13,150
Generacja_52,0.09333333333333334,14,150
Generacja_53,0.09333333333333334,14,150
Generacja_54,0.09333333333333334,14,150
Generacja_55,0.09333333333333334,14,150
Generacja_56,0.09333333333333334,14,150
Generacja_57,0.09333333333333334,14,150
Generacja_58,0.09333333333333334,14,150
Generacja_59,0.09333333333333334,14,150
Generacja_60,0.09333333333333334,14,150
Generacja_61,0.08666666666666667,13,150
Generacja_62,0.09333333333333334,14,150
Generacja_63,0.09333333333333334,14,150
Generacja_64,0.08666666666666667,13,150
Generacja_65,0.08666666666666667,13,150
Generacja_66,0.1,15,150
Generacja_67,0.1,15,150
Generacja_68,0.10666666666666667,16,150
Generacja_69,0.10666666666666667,16,150
Generacja_70,0.1,15,150
Generacja_71,0.1,15,150
Generacja_72,0.09333333333333334,14,150
Generacja_73,0.09333333333333334,14,150
Generacja_74,0.09333333333333334,14,150
Generacja_75,0.09333333333333334,14,150
Generacja_76,0.09333333333333334,14,150
Generacja_77,0.09333333333333334,14,150
Generacja_78,0.09333333333333334,14,150
Generacja_79,0.08666666666666667,13,150
Generacja_80,0.08,12,150
Generacja_81,0.08,12,150
Generacja_82,0.08,12,150
Generacja_83,0.08,12,150
Generacja_84,0.08,12,150
Generacja_85,0.08666666666666667,13,150
Generacja_86,0.08666666666666667,13,150
Generacja_87,0.08666666666666667,13,150
Generacja_88,0.08666666666666667,13,150
Generacja_89,0.08666666666666667,13,150
Generacja_90,0.08666666666666667,13,150
Generacja_91,0.08666666666666667,13,150
Generacja_92,0.08666666666666667,13,150
Generacja_93,0.08666666666666667,13,150
Generacja_94,0.09333333333333334,14,150
Generacja_95,0.08666666666666667,13,150
Generacja_96,0.08666666666666667,13,150
Generacja_97,0.08666666666666667,13,150
Generacja_98,0.08,12,150
Generacja_99,0.08,12,150
Generacja_100,0.08,12,150
Generacja_101,0.08,12,150
Generacja_0,0.22666666666666666,34,150
Generacja_1,0.16666666666666666,25,150
Generacja_2,0.18,27,150
Generacja_3,0.20666666666666667,31,150
Generacja_4,0.24666666666666667,37,150
Generacja_5,0.24666666666666667,37,150
Generacja_6,0.20666666666666667,31,150
Generacja_7,0.19333333333333333,29,150
Generacja_8,0.20666666666666667,31,150
Generacja_9,0.24666666666666667,37,150
Generacja_10,0.24666666666666667,37,150
Generacja_11,0.26666666666666666,40,150
Generacja_12,0.29333333333333333,44,150
Generacja_13,0.15333333333333332,23,150
Generacja_14,0.18666666666666668,28,150
Generacja_15,0.20666666666666667,31,150
Generacja_16,0.22,33,150
Generacja_17,0.22666666666666666,34,150
Generacja_18,0.22666666666666666,34,150
Generacja_19,0.24666666666666667,37,150
Generacja_20,0.25333333333333335,38,150
Generacja_21,0.2866666666666667,43,150
Generacja_22,0.32666666666666666,49,150
Generacja_23,0.34,51,150
Generacja_24,0.36666666666666664,55,150
Generacja_25,0.37333333333333335,56,150
Generacja_26,0.28,42,150
Generacja_27,0.31333333333333335,47,150
Generacja_28,0.3333333333333333,50,150
Generacja_29,0.36,54,150
Generacja_30,0.4066666666666667,61,150
Generacja_31,0.43333333333333335,65,150
Generacja_32,0.43333333333333335,65,150
Generacja_33,0.4866666666666667,73,150
Generacja_34,0.54,81,150
Generacja_35,0.5933333333333334,89,150
Generacja_36,0.6466666666666666,97,150
Generacja_37,0.6666666666666666,100,150
Generacja_38,0.6866666666666666,103,150
Generacja_39,0.7,105,150
Generacja_40,0.7533333333333333,113,150
Generacja_41,0.7733333333333333,116,150
Generacja_42,0.78,117,150
Generacja_43,0.8133333333333334,122,150
Generacja_44,0.84,126,150
Generacja_45,0.88,132,150
Generacja_46,0.9133333333333333,137,150
Generacja_47,0.9533333333333334,143,150
Generacja_48,0.9533333333333334,143,150
Generacja_49,0.96,144,150
Generacja_50,0.98,147,150
Generacja_51,0.98,147,150
Generacja_52,0.98,147,150
Generacja_53,0.98,147,150
Generacja_54,0.9866666666666667,148,150
Generacja_55,0.9866666666666667,148,150
Generacja_56,0.9866666666666667,148,150
Generacja_57,0.9866666666666667,148,150
Generacja_58,0.9866666666666667,148,150
Generacja_59,0.9866666666666667,148,150
Generacja_60,0.9866666666666667,148,150
Generacja_61,0.9866666666666667,148,150
Generacja_62,0.9866666666666667,148,150
Generacja_63,0.9933333333333333,149,150
Generacja_64,0.9933333333333333,149,150
Generacja_65,0.9933333333333333,149,150
Generacja_66,0.9933333333333333,149,150
Generacja_67,0.9933333333333333,149,150
Generacja_68,0.9933333333333333,149,150
Generacja_69,0.9933333333333333,149,150
Generacja_70,0.9933333333333333,149,150
Generacja_71,0.9933333333333333,149,150
Generacja_72,0.9933333333333333,149,150
Generacja_73,0.9933333333333333,149,150
Generacja_74,0.9933333333333333,149,150
Generacja_75,0.9933333333333333,149,150
Generacja_76,0.9933333333333333,149,150
Generacja_77,0.9933333333333333,149,150
Generacja_78,0.9933333333333333,149,150
Generacja_79,0.9933333333333333,149,150
Generacja_80,0.9933333333333333,149,150
Generacja_81,0.9933333333333333,149,150
Generacja_82,0.9933333333333333,149,150
Generacja_83,0.9933333333333333,149,150
Generacja_84,1.0,150,150
Generacja_85,1.0,150,150
Generacja_86,1.0,150,150
Generacja_87,1.0,150,150
Generacja_88,0.9933333333333333,149,150
Generacja_89,0.9933333333333333,149,150
Generacja_90,1.0,150,150
Generacja_91,1.0,150,150
Generacja_92,1.0,150,150
Generacja_93,1.0,150,150
Generacja_94,1.0,150,150
Generacja_95,1.0,150,150
Generacja_96,1.0,150,150
Generacja_97,1.0,150,150
Generacja_98,1.0,150,150
Generacja_99,1.0,150,150
Generacja_100,1.0,150,150
Generacja_101,1.0,150,150
Generacja_0,0.26,39,150
Generacja_1,0.07333333333333333,11,150
Generacja_2,0.09333333333333334,14,150
Generacja_3,0.12666666666666668,19,150
Generacja_4,0.19333333333333333,29,150
Generacja_5,0.2,30,150
Generacja_6,0.22,33,150
Generacja_7,0.22666666666666666,34,150
Generacja_8,0.26666666666666666,40,150
Generacja_9,0.31333333333333335,47,150
Generacja_10,0.36,54,150
Generacja_11,0.36666666666666664,55,150
Generacja_12,0.38666666666666666,58,150
Generacja_13,0.4,60,150
Generacja_14,0.4533333333333333,68,150
Generacja_15,0.5133333333333333,77,150
Generacja_16,0.56,84,150
Generacja_17,0.6066666666666667,91,150
Generacja_18,0.68,102,150
Generacja_19,0.7866666666666666,118,150
Generacja_20,0.8133333333333334,122,150
Generacja_21,0.8333333333333334,125,150
Generacja_22,0.8533333333333334,128,150
Generacja_23,0.8666666666666667,130,150
Generacja_24,0.88,132,150
Generacja_25,0.8866666666666667,133,150
Generacja_26,0.9066666666666666,136,150
Generacja_27,0.92,138,150
Generacja_28,0.9133333333333333,137,150
Generacja_29,0.9266666666666666,139,150
Generacja_30,0.9266666666666666,139,150
Generacja_31,0.9333333333333333,140,150
Generacja_32,0.92,138,150
Generacja_33,0.92,138,150
Generacja_34,0.92,138,150
Generacja_35,0.9266666666666666,139,150
Generacja_36,0.9266666666666666,139,150
Generacja_37,0.9266666666666666,139,150
Generacja_38,0.9133333333333333,137,150
Generacja_39,0.9133333333333333,137,150
Generacja_40,0.8933333333333333,134,150
Generacja_41,0.8933333333333333,134,150
Generacja_42,0.8933333333333333,134,150
Generacja_43,0.8866666666666667,133,150
Generacja_44,0.8666666666666667,130,150
Generacja_45,0.86,129,150
Generacja_46,0.86,129,150
Generacja_47,0.86,129,150
Generacja_48,0.8533333333333334,128,150
Generacja_49,0.86,129,150
Generacja_50,0.8466666666666667,127,150
Generacja_51,0.8466666666666667,127,150
Generacja_52,0.84,126,150
Generacja_53,0.84,126,150
Generacja_54,0.84,126,150
Generacja_55,0.84,126,150
Generacja_56,0.8333333333333334,125,150
Generacja_57,0.8266666666666667,124,150
Generacja_58,0.8333333333333334,125,150
Generacja_59,0.8266666666666667,124,150
Generacja_60,0.8266666666666667,124,150
Generacja_61,0.82,123,150
Generacja_62,0.82,123,150
Generacja_63,0.8133333333333334,122,150
Generacja_64,0.8066666666666666,121,150
Generacja_65,0.8066666666666666,121,150
Generacja_66,0.8066666666666666,121,150
Generacja_67,0.8,120,150
Generacja_68,0.8,120,150
Generacja_69,0.7933333333333333,119,150
Generacja_70,0.7866666666666666,118,150
Generacja_71,0.7733333333333333,116,150
Generacja_72,0.76,114,150
Generacja_73,0.7466666666666667,112,150
Generacja_74,0.7266666666666667,109,150
Generacja_75,0.72,108,150
Generacja_76,0.72,108,150
Generacja_77,0.72,108,150
Generacja_78,0.7133333333333334,107,150
Generacja_79,0.7066666666666667,106,150
Generacja_80,0.6933333333333334,104,150
Generacja_81,0.6866666666666666,103,150
Generacja_82,0.68,102,150
Generacja_83,0.6733333333333333,101,150
Generacja_84,0.6666666666666666,100,150
Generacja_85,0.66,99,150
Generacja_86,0.6533333333333333,98,150
Generacja_87,0.6466666666666666,97,150
Generacja_88,0.6333333333333333,95,150
Generacja_89,0.6333333333333333,95,150
Generacja_90,0.64,96,150
Generacja_91,0.6333333333333333,95,150
Generacja_92,0.6266666666666667,94,150
Generacja_93,0.6,90,150
Generacja_94,0.5933333333333334,89,150
Generacja_95,0.58,87,150
Generacja_96,0.6333333333333333,95,150
Generacja_97,0.52,78,150
Generacja_98,0.52,78,150
Generacja_99,0.5066666666666667,76,150
Generacja_100,0.4866666666666667,73,150
Generacja_101,0.38,57,150

# 40 FFGA
Generacja_0,0.11333333333333333,17,150
Generacja_1,0.14666666666666667,22,150
Generacja_2,0.23333333333333334,35,150
Generacja_3,0.30666666666666664,46,150
Generacja_4,0.35333333333333333,53,150
Generacja_5,0.41333333333333333,62,150
Generacja_6,0.5,75,150
Generacja_7,0.52,78,150
Generacja_8,0.47333333333333333,71,150
Generacja_9,0.54,81,150
Generacja_10,0.5266666666666666,79,150
Generacja_11,0.6,90,150
Generacja_12,0.5466666666666666,82,150
Generacja_13,0.58,87,150
Generacja_14,0.6333333333333333,95,150
Generacja_15,0.6933333333333334,104,150
Generacja_16,0.54,81,150
Generacja_17,0.54,81,150
Generacja_18,0.52,78,150
Generacja_19,0.2866666666666667,43,150
Generacja_20,0.32,48,150
Generacja_21,0.36666666666666664,55,150
Generacja_22,0.4066666666666667,61,150
Generacja_23,0.4533333333333333,68,150
Generacja_24,0.48,72,150
Generacja_25,0.4533333333333333,68,150
Generacja_26,0.52,78,150
Generacja_27,0.5533333333333333,83,150
Generacja_28,0.5866666666666667,88,150
Generacja_29,0.5666666666666667,85,150
Generacja_30,0.6066666666666667,91,150
Generacja_31,0.6466666666666666,97,150
Generacja_32,0.7,105,150
Generacja_33,0.7266666666666667,109,150
Generacja_34,0.7533333333333333,113,150
Generacja_35,0.7666666666666667,115,150
Generacja_36,0.7866666666666666,118,150
Generacja_37,0.7733333333333333,116,150
Generacja_38,0.82,123,150
Generacja_39,0.8266666666666667,124,150
Generacja_40,0.78,117,150
Generacja_41,0.7733333333333333,116,150
Generacja_42,0.82,123,150
Generacja_43,0.7666666666666667,115,150
Generacja_44,0.7733333333333333,116,150
Generacja_45,0.8,120,150
Generacja_46,0.76,114,150
Generacja_47,0.76,114,150
Generacja_48,0.74,111,150
Generacja_49,0.7666666666666667,115,150
Generacja_50,0.72,108,150
Generacja_51,0.7466666666666667,112,150
Generacja_52,0.7133333333333334,107,150
Generacja_53,0.7333333333333333,110,150
Generacja_54,0.7133333333333334,107,150
Generacja_55,0.7,105,150
Generacja_56,0.7133333333333334,107,150
Generacja_57,0.74,111,150
Generacja_58,0.7133333333333334,107,150
Generacja_59,0.66,99,150
Generacja_60,0.7133333333333334,107,150
Generacja_61,0.7466666666666667,112,150
Generacja_62,0.74,111,150
Generacja_63,0.7333333333333333,110,150
Generacja_64,0.74,111,150
Generacja_65,0.7533333333333333,113,150
Generacja_66,0.7733333333333333,116,150
Generacja_67,0.7466666666666667,112,150
Generacja_68,0.7733333333333333,116,150
Generacja_69,0.78,117,150
Generacja_70,0.7466666666666667,112,150
Generacja_71,0.8,120,150
Generacja_72,0.7533333333333333,113,150
Generacja_73,0.7733333333333333,116,150
Generacja_74,0.7866666666666666,118,150
Generacja_75,0.78,117,150
Generacja_76,0.7933333333333333,119,150
Generacja_77,0.6733333333333333,101,150
Generacja_78,0.68,102,150
Generacja_79,0.7133333333333334,107,150
Generacja_80,0.7266666666666667,109,150
Generacja_81,0.74,111,150
Generacja_82,0.7266666666666667,109,150
Generacja_83,0.7133333333333334,107,150
Generacja_84,0.7133333333333334,107,150
Generacja_85,0.7533333333333333,113,150
Generacja_86,0.76,114,150
Generacja_87,0.7733333333333333,116,150
Generacja_88,0.8,120,150
Generacja_89,0.76,114,150
Generacja_90,0.7733333333333333,116,150
Generacja_91,0.7866666666666666,118,150
Generacja_92,0.7666666666666667,115,150
Generacja_93,0.78,117,150
Generacja_94,0.8,120,150
Generacja_95,0.82,123,150
Generacja_96,0.8,120,150
Generacja_97,0.8266666666666667,124,150
Generacja_98,0.8333333333333334,125,150
Generacja_99,0.82,123,150
Generacja_100,0.8066666666666666,121,150
Generacja_101,0.8133333333333334,122,150
Generacja_0,0.16,24,150
Generacja_1,0.24666666666666667,37,150
Generacja_2,0.3466666666666667,52,150
Generacja_3,0.4266666666666667,64,150
Generacja_4,0.36666666666666664,55,150
Generacja_5,0.48,72,150
Generacja_6,0.62,93,150
Generacja_7,0.5866666666666667,88,150
Generacja_8,0.6333333333333333,95,150
Generacja_9,0.6533333333333333,98,150
Generacja_10,0.6,90,150
Generacja_11,0.6866666666666666,103,150
Generacja_12,0.6666666666666666,100,150
Generacja_13,0.7,105,150
Generacja_14,0.74,111,150
Generacja_15,0.6533333333333333,98,150
Generacja_16,0.66,99,150
Generacja_17,0.6066666666666667,91,150
Generacja_18,0.4,60,150
Generacja_19,0.4533333333333333,68,150
Generacja_20,0.38,57,150
Generacja_21,0.44666666666666666,67,150
Generacja_22,0.4666666666666667,70,150
Generacja_23,0.5466666666666666,82,150
Generacja_24,0.6,90,150
Generacja_25,0.56,84,150
Generacja_26,0.5466666666666666,82,150
Generacja_27,0.5933333333333334,89,150
Generacja_28,0.6866666666666666,103,150
Generacja_29,0.7133333333333334,107,150
Generacja_30,0.7333333333333333,110,150
Generacja_31,0.7333333333333333,110,150
Generacja_32,0.6866666666666666,103,150
Generacja_33,0.7266666666666667,109,150
Generacja_34,0.7266666666666667,109,150
Generacja_35,0.76,114,150
Generacja_36,0.7,105,150
Generacja_37,0.6533333333333333,98,150
Generacja_38,0.6666666666666666,100,150
Generacja_39,0.6866666666666666,103,150
Generacja_40,0.6866666666666666,103,150
Generacja_41,0.6933333333333334,104,150
Generacja_42,0.6866666666666666,103,150
Generacja_43,0.68,102,150
Generacja_44,0.72,108,150
Generacja_45,0.7266666666666667,109,150
Generacja_46,0.7266666666666667,109,150
Generacja_47,0.7133333333333334,107,150
Generacja_48,0.7133333333333334,107,150
Generacja_49,0.6866666666666666,103,150
Generacja_50,0.7266666666666667,109,150
Generacja_51,0.76,114,150
Generacja_52,0.66,99,150
Generacja_53,0.6466666666666666,97,150
Generacja_54,0.6733333333333333,101,150
Generacja_55,0.6933333333333334,104,150
Generacja_56,0.72,108,150
Generacja_57,0.74,111,150
Generacja_58,0.72,108,150
Generacja_59,0.7266666666666667,109,150
Generacja_60,0.7,105,150
Generacja_61,0.7066666666666667,106,150
Generacja_62,0.72,108,150
Generacja_63,0.7066666666666667,106,150
Generacja_64,0.72,108,150
Generacja_65,0.6933333333333334,104,150
Generacja_66,0.6866666666666666,103,150
Generacja_67,0.6266666666666667,94,150
Generacja_68,0.6466666666666666,97,150
Generacja_69,0.6466666666666666,97,150
Generacja_70,0.66,99,150
Generacja_71,0.6733333333333333,101,150
Generacja_72,0.74,111,150
Generacja_73,0.7333333333333333,110,150
Generacja_74,0.7466666666666667,112,150
Generacja_75,0.7333333333333333,110,150
Generacja_76,0.72,108,150
Generacja_77,0.7066666666666667,106,150
Generacja_78,0.7733333333333333,116,150
Generacja_79,0.74,111,150
Generacja_80,0.7333333333333333,110,150
Generacja_81,0.74,111,150
Generacja_82,0.7133333333333334,107,150
Generacja_83,0.6933333333333334,104,150
Generacja_84,0.6866666666666666,103,150
Generacja_85,0.7266666666666667,109,150
Generacja_86,0.7066666666666667,106,150
Generacja_87,0.74,111,150
Generacja_88,0.7666666666666667,115,150
Generacja_89,0.7733333333333333,116,150
Generacja_90,0.74,111,150
Generacja_91,0.7533333333333333,113,150
Generacja_92,0.7666666666666667,115,150
Generacja_93,0.7666666666666667,115,150
Generacja_94,0.78,117,150
Generacja_95,0.8133333333333334,122,150
Generacja_96,0.7733333333333333,116,150
Generacja_97,0.8,120,150
Generacja_98,0.7533333333333333,113,150
Generacja_99,0.7266666666666667,109,150
Generacja_100,0.7533333333333333,113,150
Generacja_101,0.7666666666666667,115,150
Generacja_0,0.16,24,150
Generacja_1,0.21333333333333335,32,150
Generacja_2,0.26,39,150
Generacja_3,0.3466666666666667,52,150
Generacja_4,0.44,66,150
Generacja_5,0.4,60,150
Generacja_6,0.46,69,150
Generacja_7,0.5,75,150
Generacja_8,0.5133333333333333,77,150
Generacja_9,0.52,78,150
Generacja_10,0.5933333333333334,89,150
Generacja_11,0.6133333333333333,92,150
Generacja_12,0.6133333333333333,92,150
Generacja_13,0.6466666666666666,97,150
Generacja_14,0.6333333333333333,95,150
Generacja_15,0.66,99,150
Generacja_16,0.6466666666666666,97,150
Generacja_17,0.6533333333333333,98,150
Generacja_18,0.6266666666666667,94,150
Generacja_19,0.66,99,150
Generacja_20,0.7,105,150
Generacja_21,0.6866666666666666,103,150
Generacja_22,0.7066666666666667,106,150
Generacja_23,0.7466666666666667,112,150
Generacja_24,0.68,102,150
Generacja_25,0.7,105,150
Generacja_26,0.7133333333333334,107,150
Generacja_27,0.7266666666666667,109,150
Generacja_28,0.7066666666666667,106,150
Generacja_29,0.76,114,150
Generacja_30,0.7333333333333333,110,150
Generacja_31,0.76,114,150
Generacja_32,0.72,108,150
Generacja_33,0.6666666666666666,100,150
Generacja_34,0.7066666666666667,106,150
Generacja_35,0.7466666666666667,112,150
Generacja_36,0.74,111,150
Generacja_37,0.72,108,150
Generacja_38,0.7666666666666667,115,150
Generacja_39,0.78,117,150
Generacja_40,0.7933333333333333,119,150
Generacja_41,0.8,120,150
Generacja_42,0.8133333333333334,122,150
Generacja_43,0.84,126,150
Generacja_44,0.8266666666666667,124,150
Generacja_45,0.84,126,150
Generacja_46,0.84,126,150
Generacja_47,0.7666666666666667,115,150
Generacja_48,0.76,114,150
Generacja_49,0.7733333333333333,116,150
Generacja_50,0.7866666666666666,118,150
Generacja_51,0.7733333333333333,116,150
Generacja_52,0.7933333333333333,119,150
Generacja_53,0.8066666666666666,121,150
Generacja_54,0.82,123,150
Generacja_55,0.8266666666666667,124,150
Generacja_56,0.84,126,150
Generacja_57,0.8733333333333333,131,150
Generacja_58,0.8733333333333333,131,150
Generacja_59,0.8533333333333334,128,150
Generacja_60,0.8266666666666667,124,150
Generacja_61,0.8333333333333334,125,150
Generacja_62,0.82,123,150
Generacja_63,0.8066666666666666,121,150
Generacja_64,0.8133333333333334,122,150
Generacja_65,0.8466666666666667,127,150
Generacja_66,0.84,126,150
Generacja_67,0.84,126,150
Generacja_68,0.8666666666666667,130,150
Generacja_69,0.86,129,150
Generacja_70,0.8866666666666667,133,150
Generacja_71,0.9,135,150
Generacja_72,0.8866666666666667,133,150
Generacja_73,0.8066666666666666,121,150
Generacja_74,0.8266666666666667,124,150
Generacja_75,0.8466666666666667,127,150
Generacja_76,0.8466666666666667,127,150
Generacja_77,0.8466666666666667,127,150
Generacja_78,0.84,126,150
Generacja_79,0.8533333333333334,128,150
Generacja_80,0.86,129,150
Generacja_81,0.84,126,150
Generacja_82,0.8133333333333334,122,150
Generacja_83,0.82,123,150
Generacja_84,0.8333333333333334,125,150
Generacja_85,0.8533333333333334,128,150
Generacja_86,0.8866666666666667,133,150
Generacja_87,0.92,138,150
Generacja_88,0.9,135,150
Generacja_89,0.8733333333333333,131,150
Generacja_90,0.9133333333333333,137,150
Generacja_91,0.9266666666666666,139,150
Generacja_92,0.94,141,150
Generacja_93,0.92,138,150
Generacja_94,0.9333333333333333,140,150
Generacja_95,0.9266666666666666,139,150
Generacja_96,0.8466666666666667,127,150
Generacja_97,0.82,123,150
Generacja_98,0.7666666666666667,115,150
Generacja_99,0.7666666666666667,115,150
Generacja_100,0.7733333333333333,116,150
Generacja_101,0.78,117,150
Generacja_0,0.18666666666666668,28,150
Generacja_1,0.24,36,150
Generacja_2,0.34,51,150
Generacja_3,0.44,66,150
Generacja_4,0.5666666666666667,85,150
Generacja_5,0.5066666666666667,76,150
Generacja_6,0.46,69,150
Generacja_7,0.42,63,150
Generacja_8,0.43333333333333335,65,150
Generacja_9,0.47333333333333333,71,150
Generacja_10,0.49333333333333335,74,150
Generacja_11,0.54,81,150
Generacja_12,0.6333333333333333,95,150
Generacja_13,0.7066666666666667,106,150
Generacja_14,0.7733333333333333,116,150
Generacja_15,0.7533333333333333,113,150
Generacja_16,0.7533333333333333,113,150
Generacja_17,0.7533333333333333,113,150
Generacja_18,0.6933333333333334,104,150
Generacja_19,0.68,102,150
Generacja_20,0.6066666666666667,91,150
Generacja_21,0.6533333333333333,98,150
Generacja_22,0.68,102,150
Generacja_23,0.6666666666666666,100,150
Generacja_24,0.7533333333333333,113,150
Generacja_25,0.76,114,150
Generacja_26,0.7066666666666667,106,150
Generacja_27,0.72,108,150
Generacja_28,0.7066666666666667,106,150
Generacja_29,0.6933333333333334,104,150
Generacja_30,0.7333333333333333,110,150
Generacja_31,0.7266666666666667,109,150
Generacja_32,0.7533333333333333,113,150
Generacja_33,0.78,117,150
Generacja_34,0.82,123,150
Generacja_35,0.84,126,150
Generacja_36,0.8666666666666667,130,150
Generacja_37,0.88,132,150
Generacja_38,0.84,126,150
Generacja_39,0.8533333333333334,128,150
Generacja_40,0.8533333333333334,128,150
Generacja_41,0.82,123,150
Generacja_42,0.84,126,150
Generacja_43,0.8266666666666667,124,150
Generacja_44,0.8133333333333334,122,150
Generacja_45,0.82,123,150
Generacja_46,0.7933333333333333,119,150
Generacja_47,0.8133333333333334,122,150
Generacja_48,0.8,120,150
Generacja_49,0.8266666666666667,124,150
Generacja_50,0.86,129,150
Generacja_51,0.84,126,150
Generacja_52,0.8866666666666667,133,150
Generacja_53,0.84,126,150
Generacja_54,0.7133333333333334,107,150
Generacja_55,0.6733333333333333,101,150
Generacja_56,0.7133333333333334,107,150
Generacja_57,0.7333333333333333,110,150
Generacja_58,0.7866666666666666,118,150
Generacja_59,0.8066666666666666,121,150
Generacja_60,0.8066666666666666,121,150
Generacja_61,0.8333333333333334,125,150
Generacja_62,0.8666666666666667,130,150
Generacja_63,0.8666666666666667,130,150
Generacja_64,0.8266666666666667,124,150
Generacja_65,0.86,129,150
Generacja_66,0.8466666666666667,127,150
Generacja_67,0.86,129,150
Generacja_68,0.8466666666666667,127,150
Generacja_69,0.88,132,150
Generacja_70,0.86,129,150
Generacja_71,0.8866666666666667,133,150
Generacja_72,0.8933333333333333,134,150
Generacja_73,0.9,135,150
Generacja_74,0.9066666666666666,136,150
Generacja_75,0.88,132,150
Generacja_76,0.8666666666666667,130,150
Generacja_77,0.88,132,150
Generacja_78,0.86,129,150
Generacja_79,0.88,132,150
Generacja_80,0.88,132,150
Generacja_81,0.9133333333333333,137,150
Generacja_82,0.8933333333333333,134,150
Generacja_83,0.8933333333333333,134,150
Generacja_84,0.9333333333333333,140,150
Generacja_85,0.96,144,150
Generacja_86,0.9266666666666666,139,150
Generacja_87,0.9133333333333333,137,150
Generacja_88,0.8866666666666667,133,150
Generacja_89,0.88,132,150
Generacja_90,0.8866666666666667,133,150
Generacja_91,0.8933333333333333,134,150
Generacja_92,0.8933333333333333,134,150
Generacja_93,0.9466666666666667,142,150
Generacja_94,0.86,129,150
Generacja_95,0.8866666666666667,133,150
Generacja_96,0.8733333333333333,131,150
Generacja_97,0.8666666666666667,130,150
Generacja_98,0.8933333333333333,134,150
Generacja_99,0.8666666666666667,130,150
Generacja_100,0.9066666666666666,136,150
Generacja_101,0.9066666666666666,136,150
Generacja_0,0.12,18,150
Generacja_1,0.10666666666666667,16,150
Generacja_2,0.12,18,150
Generacja_3,0.14666666666666667,22,150
Generacja_4,0.2,30,150
Generacja_5,0.2866666666666667,43,150
Generacja_6,0.34,51,150
Generacja_7,0.4266666666666667,64,150
Generacja_8,0.4866666666666667,73,150
Generacja_9,0.49333333333333335,74,150
Generacja_10,0.4266666666666667,64,150
Generacja_11,0.4533333333333333,68,150
Generacja_12,0.4266666666666667,64,150
Generacja_13,0.49333333333333335,74,150
Generacja_14,0.5733333333333334,86,150
Generacja_15,0.5733333333333334,86,150
Generacja_16,0.58,87,150
Generacja_17,0.5866666666666667,88,150
Generacja_18,0.6,90,150
Generacja_19,0.64,96,150
Generacja_20,0.6133333333333333,92,150
Generacja_21,0.64,96,150
Generacja_22,0.6333333333333333,95,150
Generacja_23,0.64,96,150
Generacja_24,0.64,96,150
Generacja_25,0.6666666666666666,100,150
Generacja_26,0.6666666666666666,100,150
Generacja_27,0.6933333333333334,104,150
Generacja_28,0.74,111,150
Generacja_29,0.7666666666666667,115,150
Generacja_30,0.8066666666666666,121,150
Generacja_31,0.8533333333333334,128,150
Generacja_32,0.8533333333333334,128,150
Generacja_33,0.86,129,150
Generacja_34,0.8666666666666667,130,150
Generacja_35,0.8733333333333333,131,150
Generacja_36,0.8533333333333334,128,150
Generacja_37,0.84,126,150
Generacja_38,0.8466666666666667,127,150
Generacja_39,0.8666666666666667,130,150
Generacja_40,0.86,129,150
Generacja_41,0.74,111,150
Generacja_42,0.7466666666666667,112,150
Generacja_43,0.72,108,150
Generacja_44,0.7533333333333333,113,150
Generacja_45,0.7466666666666667,112,150
Generacja_46,0.74,111,150
Generacja_47,0.7933333333333333,119,150
Generacja_48,0.7866666666666666,118,150
Generacja_49,0.7133333333333334,107,150
Generacja_50,0.7266666666666667,109,150
Generacja_51,0.7266666666666667,109,150
Generacja_52,0.7666666666666667,115,150
Generacja_53,0.7533333333333333,113,150
Generacja_54,0.7133333333333334,107,150
Generacja_55,0.74,111,150
Generacja_56,0.7066666666666667,106,150
Generacja_57,0.76,114,150
Generacja_58,0.7733333333333333,116,150
Generacja_59,0.7666666666666667,115,150
Generacja_60,0.7866666666666666,118,150
Generacja_61,0.7733333333333333,116,150
Generacja_62,0.8,120,150
Generacja_63,0.8066666666666666,121,150
Generacja_64,0.78,117,150
Generacja_65,0.7666666666666667,115,150
Generacja_66,0.7733333333333333,116,150
Generacja_67,0.68,102,150
Generacja_68,0.68,102,150
Generacja_69,0.7,105,150
Generacja_70,0.7333333333333333,110,150
Generacja_71,0.7133333333333334,107,150
Generacja_72,0.6866666666666666,103,150
Generacja_73,0.7333333333333333,110,150
Generacja_74,0.7466666666666667,112,150
Generacja_75,0.78,117,150
Generacja_76,0.7933333333333333,119,150
Generacja_77,0.8,120,150
Generacja_78,0.8,120,150
Generacja_79,0.7866666666666666,118,150
Generacja_80,0.8266666666666667,124,150
Generacja_81,0.8333333333333334,125,150
Generacja_82,0.8333333333333334,125,150
Generacja_83,0.8533333333333334,128,150
Generacja_84,0.86,129,150
Generacja_85,0.88,132,150
Generacja_86,0.8333333333333334,125,150
Generacja_87,0.8333333333333334,125,150
Generacja_88,0.8,120,150
Generacja_89,0.7866666666666666,118,150
Generacja_90,0.76,114,150
Generacja_91,0.7733333333333333,116,150
Generacja_92,0.7933333333333333,119,150
Generacja_93,0.74,111,150
Generacja_94,0.7666666666666667,115,150
Generacja_95,0.8,120,150
Generacja_96,0.76,114,150
Generacja_97,0.76,114,150
Generacja_98,0.74,111,150
Generacja_99,0.7466666666666667,112,150
Generacja_100,0.74,111,150
Generacja_101,0.74,111,150

# VEGA

Generacja_0,0.19333333333333333,29,150
Generacja_1,0.2733333333333333,41,150
Generacja_2,0.22666666666666666,34,150
Generacja_3,0.22666666666666666,34,150
Generacja_4,0.24,36,150
Generacja_5,0.26666666666666666,40,150
Generacja_6,0.32,48,150
Generacja_7,0.31333333333333335,47,150
Generacja_8,0.3333333333333333,50,150
Generacja_9,0.36666666666666664,55,150
Generacja_10,0.47333333333333333,71,150
Generacja_11,0.44666666666666666,67,150
Generacja_12,0.5,75,150
Generacja_13,0.4866666666666667,73,150
Generacja_14,0.44,66,150
Generacja_15,0.44666666666666666,67,150
Generacja_16,0.4866666666666667,73,150
Generacja_17,0.5266666666666666,79,150
Generacja_18,0.56,84,150
Generacja_19,0.54,81,150
Generacja_20,0.56,84,150
Generacja_21,0.5733333333333334,86,150
Generacja_22,0.62,93,150
Generacja_23,0.6533333333333333,98,150
Generacja_24,0.6666666666666666,100,150
Generacja_25,0.6933333333333334,104,150
Generacja_26,0.7066666666666667,106,150
Generacja_27,0.7266666666666667,109,150
Generacja_28,0.7133333333333334,107,150
Generacja_29,0.7333333333333333,110,150
Generacja_30,0.7666666666666667,115,150
Generacja_31,0.7666666666666667,115,150
Generacja_32,0.7,105,150
Generacja_33,0.7866666666666666,118,150
Generacja_34,0.8066666666666666,121,150
Generacja_35,0.74,111,150
Generacja_36,0.78,117,150
Generacja_37,0.7866666666666666,118,150
Generacja_38,0.8066666666666666,121,150
Generacja_39,0.8066666666666666,121,150
Generacja_40,0.82,123,150
Generacja_41,0.8133333333333334,122,150
Generacja_42,0.8333333333333334,125,150
Generacja_43,0.8333333333333334,125,150
Generacja_44,0.84,126,150
Generacja_45,0.82,123,150
Generacja_46,0.8666666666666667,130,150
Generacja_47,0.8666666666666667,130,150
Generacja_48,0.8733333333333333,131,150
Generacja_49,0.9,135,150
Generacja_50,0.8666666666666667,130,150
Generacja_51,0.86,129,150
Generacja_52,0.8733333333333333,131,150
Generacja_53,0.8466666666666667,127,150
Generacja_54,0.88,132,150
Generacja_55,0.8933333333333333,134,150
Generacja_56,0.8866666666666667,133,150
Generacja_57,0.8533333333333334,128,150
Generacja_58,0.8666666666666667,130,150
Generacja_59,0.8666666666666667,130,150
Generacja_60,0.8533333333333334,128,150
Generacja_61,0.8666666666666667,130,150
Generacja_62,0.86,129,150
Generacja_63,0.82,123,150
Generacja_64,0.8533333333333334,128,150
Generacja_65,0.8466666666666667,127,150
Generacja_66,0.8466666666666667,127,150
Generacja_67,0.8666666666666667,130,150
Generacja_68,0.9066666666666666,136,150
Generacja_69,0.9,135,150
Generacja_70,0.94,141,150
Generacja_71,0.94,141,150
Generacja_72,0.9066666666666666,136,150
Generacja_73,0.88,132,150
Generacja_74,0.9066666666666666,136,150
Generacja_75,0.8933333333333333,134,150
Generacja_76,0.8466666666666667,127,150
Generacja_77,0.8866666666666667,133,150
Generacja_78,0.8866666666666667,133,150
Generacja_79,0.92,138,150
Generacja_80,0.9466666666666667,142,150
Generacja_81,0.8866666666666667,133,150
Generacja_82,0.8866666666666667,133,150
Generacja_83,0.8866666666666667,133,150
Generacja_84,0.8933333333333333,134,150
Generacja_85,0.8666666666666667,130,150
Generacja_86,0.86,129,150
Generacja_87,0.86,129,150
Generacja_88,0.9066666666666666,136,150
Generacja_89,0.8866666666666667,133,150
Generacja_90,0.9,135,150
Generacja_91,0.9,135,150
Generacja_92,0.9133333333333333,137,150
Generacja_93,0.92,138,150
Generacja_94,0.92,138,150
Generacja_95,0.92,138,150
Generacja_96,0.9066666666666666,136,150
Generacja_97,0.9,135,150
Generacja_98,0.8933333333333333,134,150
Generacja_99,0.88,132,150
Generacja_100,0.9,135,150
Generacja_101,0.8733333333333333,131,150
Generacja_0,0.18666666666666668,28,150
Generacja_1,0.23333333333333334,35,150
Generacja_2,0.16,24,150
Generacja_3,0.2,30,150
Generacja_4,0.16666666666666666,25,150
Generacja_5,0.22,33,150
Generacja_6,0.26666666666666666,40,150
Generacja_7,0.29333333333333333,44,150
Generacja_8,0.34,51,150
Generacja_9,0.36666666666666664,55,150
Generacja_10,0.44,66,150
Generacja_11,0.5,75,150
Generacja_12,0.5466666666666666,82,150
Generacja_13,0.6333333333333333,95,150
Generacja_14,0.6133333333333333,92,150
Generacja_15,0.5733333333333334,86,150
Generacja_16,0.6266666666666667,94,150
Generacja_17,0.6533333333333333,98,150
Generacja_18,0.6533333333333333,98,150
Generacja_19,0.7133333333333334,107,150
Generacja_20,0.7333333333333333,110,150
Generacja_21,0.78,117,150
Generacja_22,0.7733333333333333,116,150
Generacja_23,0.74,111,150
Generacja_24,0.82,123,150
Generacja_25,0.82,123,150
Generacja_26,0.7933333333333333,119,150
Generacja_27,0.7933333333333333,119,150
Generacja_28,0.7133333333333334,107,150
Generacja_29,0.74,111,150
Generacja_30,0.74,111,150
Generacja_31,0.7266666666666667,109,150
Generacja_32,0.6066666666666667,91,150
Generacja_33,0.6533333333333333,98,150
Generacja_34,0.6466666666666666,97,150
Generacja_35,0.6733333333333333,101,150
Generacja_36,0.6866666666666666,103,150
Generacja_37,0.7266666666666667,109,150
Generacja_38,0.7666666666666667,115,150
Generacja_39,0.7666666666666667,115,150
Generacja_40,0.7866666666666666,118,150
Generacja_41,0.84,126,150
Generacja_42,0.84,126,150
Generacja_43,0.76,114,150
Generacja_44,0.7866666666666666,118,150
Generacja_45,0.8,120,150
Generacja_46,0.8266666666666667,124,150
Generacja_47,0.8533333333333334,128,150
Generacja_48,0.8,120,150
Generacja_49,0.84,126,150
Generacja_50,0.84,126,150
Generacja_51,0.8266666666666667,124,150
Generacja_52,0.8466666666666667,127,150
Generacja_53,0.86,129,150
Generacja_54,0.8666666666666667,130,150
Generacja_55,0.8466666666666667,127,150
Generacja_56,0.86,129,150
Generacja_57,0.8933333333333333,134,150
Generacja_58,0.82,123,150
Generacja_59,0.8266666666666667,124,150
Generacja_60,0.76,114,150
Generacja_61,0.7733333333333333,116,150
Generacja_62,0.7333333333333333,110,150
Generacja_63,0.7533333333333333,113,150
Generacja_64,0.7666666666666667,115,150
Generacja_65,0.8133333333333334,122,150
Generacja_66,0.8266666666666667,124,150
Generacja_67,0.84,126,150
Generacja_68,0.8533333333333334,128,150
Generacja_69,0.8533333333333334,128,150
Generacja_70,0.88,132,150
Generacja_71,0.88,132,150
Generacja_72,0.88,132,150
Generacja_73,0.8533333333333334,128,150
Generacja_74,0.9,135,150
Generacja_75,0.88,132,150
Generacja_76,0.9133333333333333,137,150
Generacja_77,0.9,135,150
Generacja_78,0.8933333333333333,134,150
Generacja_79,0.8733333333333333,131,150
Generacja_80,0.8133333333333334,122,150
Generacja_81,0.8,120,150
Generacja_82,0.82,123,150
Generacja_83,0.8266666666666667,124,150
Generacja_84,0.82,123,150
Generacja_85,0.8266666666666667,124,150
Generacja_86,0.86,129,150
Generacja_87,0.8466666666666667,127,150
Generacja_88,0.86,129,150
Generacja_89,0.8533333333333334,128,150
Generacja_90,0.84,126,150
Generacja_91,0.84,126,150
Generacja_92,0.8266666666666667,124,150
Generacja_93,0.8133333333333334,122,150
Generacja_94,0.8133333333333334,122,150
Generacja_95,0.86,129,150
Generacja_96,0.8866666666666667,133,150
Generacja_97,0.8,120,150
Generacja_98,0.8466666666666667,127,150
Generacja_99,0.84,126,150
Generacja_100,0.8533333333333334,128,150
Generacja_101,0.8333333333333334,125,150
Generacja_0,0.22,33,150
Generacja_1,0.34,51,150
Generacja_2,0.2733333333333333,41,150
Generacja_3,0.19333333333333333,29,150
Generacja_4,0.26,39,150
Generacja_5,0.24,36,150
Generacja_6,0.2733333333333333,41,150
Generacja_7,0.30666666666666664,46,150
Generacja_8,0.3466666666666667,52,150
Generacja_9,0.38,57,150
Generacja_10,0.38666666666666666,58,150
Generacja_11,0.4266666666666667,64,150
Generacja_12,0.36666666666666664,55,150
Generacja_13,0.4,60,150
Generacja_14,0.4,60,150
Generacja_15,0.4,60,150
Generacja_16,0.4533333333333333,68,150
Generacja_17,0.44,66,150
Generacja_18,0.5266666666666666,79,150
Generacja_19,0.5533333333333333,83,150
Generacja_20,0.56,84,150
Generacja_21,0.52,78,150
Generacja_22,0.48,72,150
Generacja_23,0.5533333333333333,83,150
Generacja_24,0.6133333333333333,92,150
Generacja_25,0.6533333333333333,98,150
Generacja_26,0.66,99,150
Generacja_27,0.7266666666666667,109,150
Generacja_28,0.7866666666666666,118,150
Generacja_29,0.62,93,150
Generacja_30,0.6,90,150
Generacja_31,0.5866666666666667,88,150
Generacja_32,0.6933333333333334,104,150
Generacja_33,0.7066666666666667,106,150
Generacja_34,0.7666666666666667,115,150
Generacja_35,0.7866666666666666,118,150
Generacja_36,0.6933333333333334,104,150
Generacja_37,0.72,108,150
Generacja_38,0.7,105,150
Generacja_39,0.6866666666666666,103,150
Generacja_40,0.6733333333333333,101,150
Generacja_41,0.68,102,150
Generacja_42,0.7066666666666667,106,150
Generacja_43,0.7333333333333333,110,150
Generacja_44,0.7333333333333333,110,150
Generacja_45,0.7733333333333333,116,150
Generacja_46,0.76,114,150
Generacja_47,0.7733333333333333,116,150
Generacja_48,0.78,117,150
Generacja_49,0.76,114,150
Generacja_50,0.7666666666666667,115,150
Generacja_51,0.7866666666666666,118,150
Generacja_52,0.8266666666666667,124,150
Generacja_53,0.8466666666666667,127,150
Generacja_54,0.8066666666666666,121,150
Generacja_55,0.8266666666666667,124,150
Generacja_56,0.8466666666666667,127,150
Generacja_57,0.8333333333333334,125,150
Generacja_58,0.8,120,150
Generacja_59,0.7733333333333333,116,150
Generacja_60,0.78,117,150
Generacja_61,0.8,120,150
Generacja_62,0.8266666666666667,124,150
Generacja_63,0.8266666666666667,124,150
Generacja_64,0.8733333333333333,131,150
Generacja_65,0.88,132,150
Generacja_66,0.88,132,150
Generacja_67,0.84,126,150
Generacja_68,0.84,126,150
Generacja_69,0.88,132,150
Generacja_70,0.8533333333333334,128,150
Generacja_71,0.86,129,150
Generacja_72,0.88,132,150
Generacja_73,0.8466666666666667,127,150
Generacja_74,0.88,132,150
Generacja_75,0.86,129,150
Generacja_76,0.86,129,150
Generacja_77,0.8866666666666667,133,150
Generacja_78,0.86,129,150
Generacja_79,0.8733333333333333,131,150
Generacja_80,0.8866666666666667,133,150
Generacja_81,0.88,132,150
Generacja_82,0.8733333333333333,131,150
Generacja_83,0.86,129,150
Generacja_84,0.88,132,150
Generacja_85,0.86,129,150
Generacja_86,0.88,132,150
Generacja_87,0.8866666666666667,133,150
Generacja_88,0.9,135,150
Generacja_89,0.9066666666666666,136,150
Generacja_90,0.92,138,150
Generacja_91,0.9133333333333333,137,150
Generacja_92,0.9133333333333333,137,150
Generacja_93,0.9,135,150
Generacja_94,0.8866666666666667,133,150
Generacja_95,0.8733333333333333,131,150
Generacja_96,0.8933333333333333,134,150
Generacja_97,0.8933333333333333,134,150
Generacja_98,0.8933333333333333,134,150
Generacja_99,0.9066666666666666,136,150
Generacja_100,0.9066666666666666,136,150
Generacja_101,0.9,135,150
Generacja_0,0.22,33,150
Generacja_1,0.29333333333333333,44,150
Generacja_2,0.21333333333333335,32,150
Generacja_3,0.2,30,150
Generacja_4,0.24666666666666667,37,150
Generacja_5,0.32,48,150
Generacja_6,0.31333333333333335,47,150
Generacja_7,0.37333333333333335,56,150
Generacja_8,0.4533333333333333,68,150
Generacja_9,0.5666666666666667,85,150
Generacja_10,0.4866666666666667,73,150
Generacja_11,0.5133333333333333,77,150
Generacja_12,0.5733333333333334,86,150
Generacja_13,0.6,90,150
Generacja_14,0.7266666666666667,109,150
Generacja_15,0.72,108,150
Generacja_16,0.6933333333333334,104,150
Generacja_17,0.7,105,150
Generacja_18,0.7333333333333333,110,150
Generacja_19,0.7733333333333333,116,150
Generacja_20,0.84,126,150
Generacja_21,0.86,129,150
Generacja_22,0.7933333333333333,119,150
Generacja_23,0.7533333333333333,113,150
Generacja_24,0.7733333333333333,116,150
Generacja_25,0.8066666666666666,121,150
Generacja_26,0.78,117,150
Generacja_27,0.7933333333333333,119,150
Generacja_28,0.8,120,150
Generacja_29,0.7866666666666666,118,150
Generacja_30,0.7933333333333333,119,150
Generacja_31,0.7133333333333334,107,150
Generacja_32,0.7666666666666667,115,150
Generacja_33,0.7533333333333333,113,150
Generacja_34,0.76,114,150
Generacja_35,0.7933333333333333,119,150
Generacja_36,0.84,126,150
Generacja_37,0.8266666666666667,124,150
Generacja_38,0.8266666666666667,124,150
Generacja_39,0.84,126,150
Generacja_40,0.8,120,150
Generacja_41,0.7933333333333333,119,150
Generacja_42,0.8066666666666666,121,150
Generacja_43,0.8266666666666667,124,150
Generacja_44,0.82,123,150
Generacja_45,0.82,123,150
Generacja_46,0.7866666666666666,118,150
Generacja_47,0.7866666666666666,118,150
Generacja_48,0.8066666666666666,121,150
Generacja_49,0.8333333333333334,125,150
Generacja_50,0.78,117,150
Generacja_51,0.8133333333333334,122,150
Generacja_52,0.8466666666666667,127,150
Generacja_53,0.88,132,150
Generacja_54,0.8733333333333333,131,150
Generacja_55,0.8866666666666667,133,150
Generacja_56,0.7533333333333333,113,150
Generacja_57,0.7333333333333333,110,150
Generacja_58,0.76,114,150
Generacja_59,0.7466666666666667,112,150
Generacja_60,0.7466666666666667,112,150
Generacja_61,0.7733333333333333,116,150
Generacja_62,0.7866666666666666,118,150
Generacja_63,0.76,114,150
Generacja_64,0.7733333333333333,116,150
Generacja_65,0.7866666666666666,118,150
Generacja_66,0.8066666666666666,121,150
Generacja_67,0.86,129,150
Generacja_68,0.86,129,150
Generacja_69,0.8666666666666667,130,150
Generacja_70,0.86,129,150
Generacja_71,0.8733333333333333,131,150
Generacja_72,0.9,135,150
Generacja_73,0.9066666666666666,136,150
Generacja_74,0.8933333333333333,134,150
Generacja_75,0.8933333333333333,134,150
Generacja_76,0.8866666666666667,133,150
Generacja_77,0.9133333333333333,137,150
Generacja_78,0.92,138,150
Generacja_79,0.88,132,150
Generacja_80,0.78,117,150
Generacja_81,0.84,126,150
Generacja_82,0.8466666666666667,127,150
Generacja_83,0.86,129,150
Generacja_84,0.86,129,150
Generacja_85,0.8866666666666667,133,150
Generacja_86,0.88,132,150
Generacja_87,0.8866666666666667,133,150
Generacja_88,0.8666666666666667,130,150
Generacja_89,0.9,135,150
Generacja_90,0.9266666666666666,139,150
Generacja_91,0.8933333333333333,134,150
Generacja_92,0.8866666666666667,133,150
Generacja_93,0.9133333333333333,137,150
Generacja_94,0.8733333333333333,131,150
Generacja_95,0.88,132,150
Generacja_96,0.8733333333333333,131,150
Generacja_97,0.8666666666666667,130,150
Generacja_98,0.8733333333333333,131,150
Generacja_99,0.8666666666666667,130,150
Generacja_100,0.8733333333333333,131,150
Generacja_101,0.8733333333333333,131,150
Generacja_0,0.20666666666666667,31,150
Generacja_1,0.3333333333333333,50,150
Generacja_2,0.31333333333333335,47,150
Generacja_3,0.3,45,150
Generacja_4,0.23333333333333334,35,150
Generacja_5,0.2733333333333333,41,150
Generacja_6,0.32666666666666666,49,150
Generacja_7,0.35333333333333333,53,150
Generacja_8,0.4,60,150
Generacja_9,0.4533333333333333,68,150
Generacja_10,0.5666666666666667,85,150
Generacja_11,0.56,84,150
Generacja_12,0.5866666666666667,88,150
Generacja_13,0.6133333333333333,92,150
Generacja_14,0.6333333333333333,95,150
Generacja_15,0.6866666666666666,103,150
Generacja_16,0.7066666666666667,106,150
Generacja_17,0.7266666666666667,109,150
Generacja_18,0.7333333333333333,110,150
Generacja_19,0.7733333333333333,116,150
Generacja_20,0.8066666666666666,121,150
Generacja_21,0.8333333333333334,125,150
Generacja_22,0.8466666666666667,127,150
Generacja_23,0.8466666666666667,127,150
Generacja_24,0.8666666666666667,130,150
Generacja_25,0.9066666666666666,136,150
Generacja_26,0.8866666666666667,133,150
Generacja_27,0.8533333333333334,128,150
Generacja_28,0.8466666666666667,127,150
Generacja_29,0.8266666666666667,124,150
Generacja_30,0.86,129,150
Generacja_31,0.88,132,150
Generacja_32,0.8866666666666667,133,150
Generacja_33,0.9066666666666666,136,150
Generacja_34,0.8666666666666667,130,150
Generacja_35,0.8733333333333333,131,150
Generacja_36,0.86,129,150
Generacja_37,0.88,132,150
Generacja_38,0.9,135,150
Generacja_39,0.9133333333333333,137,150
Generacja_40,0.9333333333333333,140,150
Generacja_41,0.9066666666666666,136,150
Generacja_42,0.82,123,150
Generacja_43,0.82,123,150
Generacja_44,0.8333333333333334,125,150
Generacja_45,0.8,120,150
Generacja_46,0.7733333333333333,116,150
Generacja_47,0.8133333333333334,122,150
Generacja_48,0.7466666666666667,112,150
Generacja_49,0.74,111,150
Generacja_50,0.76,114,150
Generacja_51,0.7733333333333333,116,150
Generacja_52,0.76,114,150
Generacja_53,0.7933333333333333,119,150
Generacja_54,0.8266666666666667,124,150
Generacja_55,0.8133333333333334,122,150
Generacja_56,0.84,126,150
Generacja_57,0.8666666666666667,130,150
Generacja_58,0.8866666666666667,133,150
Generacja_59,0.8533333333333334,128,150
Generacja_60,0.8666666666666667,130,150
Generacja_61,0.8066666666666666,121,150
Generacja_62,0.7933333333333333,119,150
Generacja_63,0.8266666666666667,124,150
Generacja_64,0.8266666666666667,124,150
Generacja_65,0.8733333333333333,131,150
Generacja_66,0.8666666666666667,130,150
Generacja_67,0.8466666666666667,127,150
Generacja_68,0.8533333333333334,128,150
Generacja_69,0.88,132,150
Generacja_70,0.8333333333333334,125,150
Generacja_71,0.8533333333333334,128,150
Generacja_72,0.78,117,150
Generacja_73,0.7933333333333333,119,150
Generacja_74,0.8066666666666666,121,150
Generacja_75,0.84,126,150
Generacja_76,0.8333333333333334,125,150
Generacja_77,0.7933333333333333,119,150
Generacja_78,0.8066666666666666,121,150
Generacja_79,0.84,126,150
Generacja_80,0.8666666666666667,130,150
Generacja_81,0.8733333333333333,131,150
Generacja_82,0.8866666666666667,133,150
Generacja_83,0.9,135,150
Generacja_84,0.9,135,150
Generacja_85,0.9333333333333333,140,150
Generacja_86,0.92,138,150
Generacja_87,0.9066666666666666,136,150
Generacja_88,0.8933333333333333,134,150
Generacja_89,0.86,129,150
Generacja_90,0.8866666666666667,133,150
Generacja_91,0.8533333333333334,128,150
Generacja_92,0.8666666666666667,130,150
Generacja_93,0.8266666666666667,124,150
Generacja_94,0.84,126,150
Generacja_95,0.8333333333333334,125,150
Generacja_96,0.8466666666666667,127,150
Generacja_97,0.8533333333333334,128,150
Generacja_98,0.8066666666666666,121,150
Generacja_99,0.82,123,150
Generacja_100,0.82,123,150
Generacja_101,0.8266666666666667,124,150
Generacja_0,0.17333333333333334,26,150
Generacja_1,0.26,39,150
Generacja_2,0.24666666666666667,37,150
Generacja_3,0.28,42,150
Generacja_4,0.28,42,150
Generacja_5,0.3466666666666667,52,150
Generacja_6,0.36666666666666664,55,150
Generacja_7,0.4266666666666667,64,150
Generacja_8,0.43333333333333335,65,150
Generacja_9,0.48,72,150
Generacja_10,0.5866666666666667,88,150
Generacja_11,0.6466666666666666,97,150
Generacja_12,0.6733333333333333,101,150
Generacja_13,0.7133333333333334,107,150
Generacja_14,0.74,111,150
Generacja_15,0.5933333333333334,89,150
Generacja_16,0.58,87,150
Generacja_17,0.6,90,150
Generacja_18,0.6066666666666667,91,150
Generacja_19,0.6866666666666666,103,150
Generacja_20,0.7466666666666667,112,150
Generacja_21,0.8,120,150
Generacja_22,0.7666666666666667,115,150
Generacja_23,0.7866666666666666,118,150
Generacja_24,0.8133333333333334,122,150
Generacja_25,0.84,126,150
Generacja_26,0.6866666666666666,103,150
Generacja_27,0.6866666666666666,103,150
Generacja_28,0.74,111,150
Generacja_29,0.7266666666666667,109,150
Generacja_30,0.6933333333333334,104,150
Generacja_31,0.76,114,150
Generacja_32,0.7733333333333333,116,150
Generacja_33,0.8133333333333334,122,150
Generacja_34,0.6866666666666666,103,150
Generacja_35,0.72,108,150
Generacja_36,0.7333333333333333,110,150
Generacja_37,0.7333333333333333,110,150
Generacja_38,0.7466666666666667,112,150
Generacja_39,0.7533333333333333,113,150
Generacja_40,0.82,123,150
Generacja_41,0.8666666666666667,130,150
Generacja_42,0.7666666666666667,115,150
Generacja_43,0.7933333333333333,119,150
Generacja_44,0.8,120,150
Generacja_45,0.84,126,150
Generacja_46,0.84,126,150
Generacja_47,0.88,132,150
Generacja_48,0.7133333333333334,107,150
Generacja_49,0.7266666666666667,109,150
Generacja_50,0.7466666666666667,112,150
Generacja_51,0.76,114,150
Generacja_52,0.7466666666666667,112,150
Generacja_53,0.76,114,150
Generacja_54,0.76,114,150
Generacja_55,0.78,117,150
Generacja_56,0.7533333333333333,113,150
Generacja_57,0.7866666666666666,118,150
Generacja_58,0.8,120,150
Generacja_59,0.78,117,150
Generacja_60,0.7866666666666666,118,150
Generacja_61,0.8333333333333334,125,150
Generacja_62,0.8266666666666667,124,150