# FULL MESH
# EW
222.54770851135254
225.96100401878357
204.6141483783722
200.2517032623291
199.53028774261475
170.68133926391602
290.04685974121094
290.77799940109253
287.2377016544342
167.12057447433472

# HLGA

379.2398166656494
363.6196265220642
351.72213912010193
383.3436932563782
363.35975098609924
331.9128165245056
289.1906154155731
289.506649017334

# 40 FFGA
225.33782172203064
223.36836075782776
209.31430220603943
211.80140686035156
183.88287949562073

# VEGA

220.2079393863678
221.37214589118958
201.46495461463928
203.37813186645508
189.80773186683655