FFGA i HLGA 
0
0
FFGA i VEGA 
0
1500
FFGA i EW 
0
289
HLGA i VEGA 
0
0
HLGA i EW 
0
142
VEGA i EW 
0
0

----------- FINALFFGA i HLGA 
[0, 0, 0, 0, 0, 0, 0, 0, 0, 0] 0 nan
[0, 0, 0, 0, 0, 0, 0, 0, 0, 0] 0 nan
FFGA i VEGA 
[0, 0, 0, 0, 0, 0, 0, 0, 0, 0] 0 nan
[150, 150, 150, 150, 150, 150, 150, 150, 150, 150] 150 nan
FFGA i EW 
[0, 0, 0, 0, 0, 0, 0, 0, 0, 0] 0 nan
[14, 14, 15, 54, 43, 43, 22, 23, 24, 37] 28.9 8.281532751672454
HLGA i VEGA 
[0, 0, 0, 0, 0, 0, 0, 0, 0, 0] 0 nan
[0, 0, 0, 0, 0, 0, 0, 0, 0, 0] 0 nan
HLGA i EW 
[0, 0, 0, 0, 0, 0, 0, 0, 0, 0] 0 nan
[1, 1, 3, 24, 22, 22, 13, 14, 18, 24] 14.2 5.47756992954551
VEGA i EW 
[0, 0, 0, 0, 0, 0, 0, 0, 0, 0] 0 nan
[0, 0, 0, 0, 0, 0, 0, 0, 0, 0] 0 nan
