# PL Vega
29.330735206604004
24.93606996536255
30.799602270126343
25.811025142669678
32.58799457550049
26.001073598861694
31.66502094268799
35.05030846595764
25.396671772003174
25.525399684906006

# HLGA

21.1190242767334
20.59904193878174
19.96629571914673
20.223395347595215
20.833983898162842
20.395239114761353
20.459405660629272
20.7181077003479
19.86185097694397
19.97749900817871
20.31842541694641
20.287435054779053

# FFGA

25.412196159362793
24.69129753112793
24.83893656730652
24.656241416931152
25.076106548309326
24.5412654876709
24.060747385025024
23.771591901779175
24.207005977630615
24.812060832977295
24.305679082870483

# EW

22.86545729637146
23.867952346801758
23.741981744766235
21.20622420310974
20.684967041015625
20.99452042579651
22.08418083190918
22.533673763275146
22.871493577957153
24.667836666107178
24.16845965385437
24.276941299438477