FFGA i HLGA 
3
43
FFGA i VEGA 
0
1500
FFGA i EW 
0
286
HLGA i VEGA 
0
0
HLGA i EW 
7
72
VEGA i EW 
0
0


----------- FINAL
FFGA i HLGA 
[0, 0, 0, 0, 0, 2, 0, 1, 0, 0] 0.3 0.3912549949675364
[3, 2, 2, 0, 5, 2, 12, 7, 3, 7] 4.3 2.0458357949066817
FFGA i VEGA 
[0, 0, 0, 0, 0, 0, 0, 0, 0, 0] 0 nan
[150, 150, 150, 150, 150, 150, 150, 150, 150, 150] 150 nan
FFGA i EW 
[0, 0, 0, 0, 0, 0, 0, 0, 0, 0] 0 nan
[44, 41, 46, 24, 23, 14, 25, 25, 29, 15] 28.6 6.610512384854303
HLGA i VEGA 
[0, 0, 0, 0, 0, 0, 0, 0, 0, 0] 0 nan
[0, 0, 0, 0, 0, 0, 0, 0, 0, 0] 0 nan
HLGA i EW 
[0, 0, 0, 0, 0, 0, 3, 1, 0, 3] 0.7 0.7255670015500849
[13, 6, 8, 4, 9, 6, 8, 11, 7, 0] 7.2 2.095422618752525
VEGA i EW 
[0, 0, 0, 0, 0, 0, 0, 0, 0, 0] 0 nan
[0, 0, 0, 0, 0, 0, 0, 0, 0, 0] 0 nan
