### JANOS
#FFGA

80.64334154129028

71.2086853981018
68.4380521774292
63.66379356384277
60.72809147834778
60.913679122924805
60.79683208465576
58.90837383270264
58.452560901641846
61.10003161430359
59.14671611785889

# HLGA

76.17679119110107
77.42925596237183
75.35027718544006
73.59623169898987
71.99901127815247
75.64557433128357
74.92454171180725




# VEGA

164.35095381736755
162.66787385940552
165.21239686012268
167.5964298248291
150.77969765663147
163.27402758598328
130.68776154518127
164.81527018547058
164.82992577552795
160.8682737350464

#EW

66.29529333114624
69.08176898956299
67.54448580741882
79.89805579185486
77.66117691993713
77.52079796791077
75.80596852302551
77.82045817375183
77.84368586540222
87.55894422531128