### JANOS
#FFGA

80.64334154129028

71.2086853981018
68.4380521774292
63.66379356384277
60.72809147834778
60.913679122924805
60.79683208465576
58.90837383270264
58.452560901641846
61.10003161430359
59.14671611785889

# HLGA

77.62082433700562
78.74070167541504
77.74267268180847
80.02679181098938
77.92749834060669
76.24473929405212
79.65717816352844
79.21261382102966
78.1730523109436
80.08314180374146

# VEGA

164.35095381736755
162.66787385940552
165.21239686012268
167.5964298248291
150.77969765663147
163.27402758598328
130.68776154518127
164.81527018547058
164.82992577552795
160.8682737350464

#EW

70.70666122436523
73.04803776741028
71.63117504119873
69.23062491416931
69.15425705909729
68.2497010231018
68.77757620811462
68.7056016921997
68.43884897232056
67.8730092048645